LR3MS4JI48556A|30-34|CHN||225|247|196|112|205|180|205|168|208|251|201|82|212|206|228|252|346|3515
LR3MS4JI48499F|16-24|KOR||229|248|201|148|206|195|205|152|212|261|198|110|202|166|223|225|364|3535
LR3MS4JI485343|30-34|CHN||219|248|191|144|199|224|195|183|199|262|200|92|204|212|214|261|334|3572
LR3MS4JI48557B|35-39|CHN||236|251|207|140|216|173|221|155|212|264|218|98|229|168|240|249|375|3643
LR3MS4JI484996|40-44|KOR||231|256|203|140|214|176|213|156|223|272|218|103|220|208|240|240|366|3670
LR3MS4JI485E3B|30-34|RUS||247|251|222|115|234|181|221|246|222|269|224|85|219|223|250|206|388|3793
LR3MS4JI485979|30-34|CHN||237|243|204|131|230|218|238|224|234|254|222|106|219|229|245|251|379|3856
LR3MS4JI485BEA|35-39|USA||229|271|199|134|206|234|205|248|210|269|209|105|207|232|227|303|385|3867
LR3MS4JI4849E5|45-49|RUS||224|254|199|156|210|223|211|259|213|270|211|89|211|232|244|280|415|3893
LR3MS4JI4857AE|30-34|CHN||236|237|217|137|228|156|234|207|236|258|229|99|231|210|264|286|465|3921
LR3MS4JI485976|25-29|CHN||234|248|215|159|224|203|221|219|225|269|225|103|216|266|249|278|426|3973
LR3MS4JI4849E7|30-34|GBR||239|246|208|157|222|175|225|266|236|269|230|106|241|266|256|241|408|3983
LR3MS4JI485BC7|40-44|CHN||246|274|220|171|229|253|226|178|223|266|234|122|223|242|252|233|432|4016
LR3MS4JI48573E|30-34|CHN||245|240|229|170|244|227|237|237|238|261|241|110|240|198|260|268|397|4034
LR3MS4JI485123|25-29|HKG||269|262|226|161|234|214|228|168|243|267|238|125|236|222|267|329|423|4104
LR3MS4JI48577E|30-34|CHN||249|248|223|155|233|211|233|207|241|261|248|124|246|214|263|376|394|4121
LR3MS4JI485982|45-49|CHN||254|246|234|136|247|223|245|211|250|267|247|114|253|209|281|303|438|4151
LR3MS4JI48533B|30-34|CHN||262|258|220|156|237|250|223|157|233|277|251|135|228|227|303|253|494|4156
LR3MS4JI48531A|30-34|CHN||250|256|223|179|245|236|232|217|253|279|244|144|238|231|260|297|428|4205
LR3MS4JI4859A1|16-24|CHN||271|253|227|155|233|213|226|225|236|284|241|117|230|294|246|336|434|4214
LR3MS4JI4849E0|35-39|GBR||266|262|243|147|249|215|251|174|261|281|264|111|262|219|280|303|461|4240
LR3MS4JI485756|35-39|CHN||264|249|230|168|239|260|241|200|243|278|241|106|238|256|288|296|460|4251
LR3MS4JI48576A|35-39|CHN||243|266|219|166|243|243|232|278|234|290|224|166|219|245|246|345|425|4274
LR3MS4JI485329|25-29|CHN||242|260|215|174|255|209|237|223|253|271|256|164|247|258|286|283|462|4285
LR3MS4JI484926|16-24|HKG||272|249|231|171|241|242|240|298|245|263|242|112|237|242|266|335|414|4292
LR3MS4JI485E2A|35-39|CHN||253|258|237|179|249|284|254|248|249|266|249|120|240|233|266|272|454|4304
LR3MS4JI485C16|35-39|SUI||264|261|244|131|257|207|261|278|258|272|267|100|273|242|312|229|467|4314
LR3MS4JI4849F1|35-39|KOR||256|250|243|181|265|214|266|187|271|275|270|126|268|252|298|261|452|4327
LR3MS4JI485170|35-39|HKG||255|286|229|186|251|283|249|202|246|282|245|142|255|241|273|312|427|4356
LR3MS4JI485502|30-34|CHN||267|265|221|158|246|259|231|213|248|274|254|120|248|236|300|317|511|4361
LR3MS4JI4854FF|16-24|CHN||255|256|226|154|250|257|241|263|246|266|242|119|242|267|268|370|470|4385
LR3MS4JI4859AE|30-34|CHN||280|254|247|134|270|217|265|321|268|271|261|105|264|225|284|262|486|4407
LR3MS4JI4859AA|30-34|CHN||279|262|237|171|248|288|244|221|265|273|254|111|254|235|281|280|526|4421
LR3MS4JI48531B|40-44|CHN||361|261|236|139|254|265|249|268|256|268|248|110|252|263|266|341|400|4429
LR3MS4JI485747|40-44|CHN||262|252|237|163|251|227|246|263|265|271|267|113|260|264|288|303|509|4433
LR3MS4JI485DB2|25-29|CHN||366|270|232|142|248|263|251|222|258|276|257|102|264|240|280|302|473|4439
LR3MS4JI484924|30-34|GBR||269|252|243|173|253|256|263|229|272|276|264|135|260|285|291|305|448|4468
LR3MS4JI485BA3|25-29|CHN||280|257|240|178|254|237|251|229|263|274|260|149|263|262|327|288|466|4472
LR3MS4JI48598A|35-39|CHN||305|276|257|134|268|308|262|239|256|288|258|124|259|253|264|267|467|4475
LR3MS4JI484969|35-39|MGL||259|242|234|146|251|511|246|269|257|263|258|106|244|254|274|242|445|4493
LR3MS4JI48554A|35-39|CHN||294|270|255|182|270|227|271|216|289|294|263|108|271|212|308|268|511|4501
LR3MS4JI484A0C|40-44|FRA||249|265|219|172|222|241|232|321|257|295|234|120|238|333|267|444|412|4513
LR3MS4JI48554B|25-29|CHN||404|294|245|161|249|281|241|180|278|271|263|118|259|227|302|299|452|4517
LR3MS4JI486003|40-44|CHN||266|275|241|162|261|266|244|227|270|278|252|127|254|205|305|408|492|4526
LR3MS4JI48550C|25-29|CHN||279|266|261|209|282|227|296|199|277|271|276|116|276|237|306|273|489|4533
LR3MS4JI486012|16-24|CHN||254|270|251|197|277|253|266|235|263|284|273|164|262|228|292|281|494|4537
LR3MS4JI485736|30-34|CHN||281|254|248|173|255|195|257|291|281|267|289|128|275|291|323|229|515|4544
LR3MS4JI485C04|35-39|CHN||261|266|230|182|252|262|240|298|251|274|245|97|246|272|298|382|508|4556
LR3MS4JI484A36|16-24|CAN||239|266|219|138|262|259|255|267|301|278|274|117|241|323|267|358|510|4565
LR3MS4JI484A5A|30-34|KOR||266|258|227|147|260|283|253|229|266|337|251|137|251|319|305|301|485|4569
LR3MS4JI485560|40-44|CHN||279|262|239|120|267|252|269|299|279|261|285|116|283|322|298|304|459|4585
LR3MS4JI485541|30-34|CHN||273|265|237|182|253|294|253|346|251|276|237|123|257|226|273|291|563|4593
LR3MS4JI4852FB|40-44|CHN||247|270|234|134|262|248|248|317|256|297|241|122|247|390|269|375|449|4599
LR3MS4JI484A3C|25-29|KOR||280|266|236|186|248|287|260|303|262|276|269|142|259|257|281|324|472|4600
LR3MS4JI485E1F|25-29|CHN||260|271|242|158|261|292|252|275|271|273|267|125|272|268|302|366|473|4621
LR3MS4JI485332|35-39|CHN||273|258|224|166|233|300|231|251|244|285|244|150|239|275|288|491|489|4634
LR3MS4JI485172|25-29|CHN||258|277|240|224|256|284|262|262|258|310|252|126|253|267|275|356|495|4648
LR3MS4JI485E0F|35-39|CHN||262|255|313|126|273|271|258|274|277|265|272|109|261|370|325|327|419|4651
LR3MS4JI485FD2|35-39|CHN||313|269|264|149|292|215|296|248|302|277|283|102|281|271|315|277|516|4663
LR3MS4JI485101|30-34|CHN||279|257|261|122|290|272|271|213|280|265|286|121|292|328|323|298|523|4672
LR3MS4JI486000|40-44|RSA||287|261|243|201|247|268|249|322|256|283|257|111|250|331|291|306|525|4680
LR3MS4JI48576E|40-44|CHN||249|284|215|158|241|315|236|285|264|289|248|150|259|351|270|401|492|4697
LR3MS4JI485995|30-34|CHN||292|266|268|153|264|248|269|244|271|288|309|163|278|281|286|293|543|4706
LR3MS4JI485772|40-44|CHN||250|281|229|187|250|290|239|250|243|279|243|136|251|323|317|442|514|4717
LR3MS4JI48556F|25-29|CHN||293|250|258|142|269|222|266|225|293|271|337|127|328|270|425|261|503|4733
LR3MS4JI4859C8|30-34|CHN||258|299|235|159|264|328|262|282|282|288|253|143|257|235|337|334|536|4744
LR3MS4JI485552|30-34|CHN||264|284|257|182|250|290|261|217|269|280|268|150|275|288|299|318|607|4751
LR3MS4JI485120|50-54|CHN||258|270|233|154|254|317|252|324|274|283|271|133|255|281|301|455|455|4763
LR3MS4JI485766|35-39|CHN||265|267|234|173|255|275|249|241|256|290|273|140|265|321|302|401|569|4767
LR3MS4JI4854FE|35-39|CHN||287|282|242|201|246|266|256|240|251|289|251|201|250|298|274|462|481|4771
LR3MS4JI484A20|25-29|KOR||285|268|244|189|249|244|261|282|272|279|261|193|263|374|291|331|496|4771
LR3MS4JI485592|25-29|CHN||285|263|276|150|287|228|281|253|289|266|283|138|288|291|312|372|520|4774
LR3MS4JI485501|35-39|CHN||273|263|264|186|274|291|264|265|259|284|266|104|257|284|299|276|681|4783
LR3MS4JI485375|35-39|CHN||268|275|228|151|246|320|243|290|266|283|250|169|243|285|295|448|531|4785
LR3MS4JI485165|25-29|CHN||281|264|255|192|255|244|273|285|282|272|279|125|286|257|369|242|640|4791
LR3MS4JI485B99|35-39|CHN||258|297|228|167|239|372|242|345|253|299|235|144|226|290|258|460|493|4798
LR3MS4JI485BD3|25-29|CHN||293|254|257|143|269|250|272|332|277|265|260|100|277|299|308|397|562|4806
LR3MS4JI48597E|30-34|CHN||287|268|258|187|274|384|262|266|273|277|270|119|268|273|302|356|496|4812
LR3MS4JI4859D8|30-34|UKR||305|256|268|159|280|282|274|322|291|283|285|103|271|342|295|340|481|4828
LR3MS4JI48603D|30-34|CHN||289|268|261|191|268|252|259|264|277|298|265|123|267|334|283|404|536|4831
LR3MS4JI485561|30-34|CHN||296|263|259|155|283|251|278|254|292|272|281|123|286|360|310|316|569|4839
LR3MS4JI4859A6|35-39|CHN||269|263|247|215|267|284|265|237|266|275|264|119|277|251|323|301|726|4841
LR3MS4JI485537|35-39|CHN||296|283|271|130|295|306|299|219|316|304|300|122|300|239|322|306|552|4850
LR3MS4JI485FD7|25-29|CHN||289|283|247|160|264|313|257|293|264|287|273|140|238|293|308|446|507|4855
LR3MS4JI485588|30-34|CHN|||234|216|117|243|157|240|168|292|264|243|13486|241|230|3946|235||4866
LR3MS4JI48556E|30-34|CHN||302|304|257|125|273|285|269|283|259|329|254|114|249|333|284|460|513|4883
LR3MS4JI485989|50-54|CHN||261|291|231|174|238|305|252|334|250|298|250|130|265|313|285|468|548|4886
LR3MS4JI485B9B|35-39|CHN||292|292|260|157|268|296|275|393|270|296|278|124|272|291|315|325|496|4892
LR3MS4JI485507|30-34|CHN||300|271|278|153|294|259|283|290|298|278|294|117|286|271|328|283|624|4899
LR3MS4JI4859F4|25-29|CHN||287|302|258|159|272|262|281|340|298|304|279|127|270|288|306|372|512|4907
LR3MS4JI485128|40-44|CHN||268|296|234|179|248|269|251|273|252|300|242|135|247|346|290|610|479|4911
LR3MS4JI48513D|30-34|CHN||263|304|226|164|252|351|248|312|266|322|252|125|263|305|299|362|611|4918
LR3MS4JI485DBD|25-29|CHN||271|282|252|125|274|206|282|422|301|301|300|121|289|338|344|299|525|4923
LR3MS4JI48559E|16-24|CHN||284|276|238|183|246|273|256|276|239|278|246|151|229|380|322|459|610|4938
LR3MS4JI48510F|30-34|CHN||314|289|274|154|280|253|273|301|272|283|271|310|268|276|324|331|476|4940
LR3MS4JI48574D|45-49|CHN||284|307|240|161|265|341|259|260|268|294|260|133|262|292|289|420|616|4943
LR3MS4JI48551D|35-39|CHN||270|267|254|150|288|270|276|321|290|281|295|120|293|285|314|430|554|4950
LR3MS4JI485336|25-29|CHN||407|282|256|173|266|304|252|252|300|283|289|107|294|296|321|310|575|4959
LR3MS4JI485DC5|25-29|CHN||284|264|263|168|277|302|269|341|294|274|281|172|268|296|333|316|567|4959
LR3MS4JI485975|30-34|CHN||303|250|291|157|295|261|312|211|317|286|310|130|301|286|375|268|617|4962
LR3MS4JI485FDE|30-34|CHN||290|266|268|165|302|257|300|244|316|285|303|113|314|282|359|309|610|4974
LR3MS4JI48555A|35-39|CHN||272|265|276|183|288|261|271|393|297|291|288|115|270|294|291|355|579|4981
LR3MS4JI485768|35-39|CHN||303|275|280|170|288|277|284|365|295|281|286|114|284|313|323|347|510|4988
LR3MS4JI48599F|25-29|CHN||252|254|258|182|279|272|261|338|291|313|266|111|271|320|311|437|590|5000
LR3MS4JI485BB0|25-29|CHN||346|282|292|147|310|253|318|198|347|293|311|108|293|248|356|336|572|5003
LR3MS4JI485367|30-34|FRA||280|268|250|209|259|353|257|295|263|307|264|195|255|355|291|410|504|5006
LR3MS4JI484A2B|30-34|GER||295|268|267|217|272|250|284|283|271|287|308|114|272|403|335|363|527|5007
LR3MS4JI48599B|40-44|CHN||323|269|270|187|270|241|274|215|273|283|283|208|298|261|358|364|644|5013
LR3MS4JI4854FD|30-34|CHN||348|275|301|181|300|241|293|214|283|272|292|117|299|299|341|380|591|5020
LR3MS4JI48600C|40-44|KOR||276|262|265|196|287|249|288|306|306|292|304|123|294|341|325|367|552|5025
LR3MS4JI486020|30-34|CHN||302|270|254|236|270|294|263|322|271|290|281|144|285|303|313|421|519|5029
LR3MS4JI485143|30-34|CHN||250|295|253|253|244|372|252|269|281|298|251|188|236|272|273|471|585|5035
LR3MS4JI485C05|35-39|CHN||326|274|255|130|288|239|295|284|325|289|306|102|273|240|316|323|787|5043
LR3MS4JI485750|30-34|CHN||297|279|265|216|263|273|260|277|283|313|323|161|312|278|385|255|623|5056
LR3MS4JI4849F7|30-34|GER||302|276|257|178|276|245|273|307|303|301|279|138|272|316|340|411|598|5064
LR3MS4JI485BD0|30-34|CHN||328|294|270|209|286|272|280|259|302|285|285|166|339|273|350|359|523|5072
LR3MS4JI485E2E|30-34|CHN||292|289|263|202|284|324|268|269|254|291|252|176|284|319|283|387|651|5081
LR3MS4JI48599D|30-34|CHN||310|270|284|171|336|244|325|282|315|292|318|166|284|237|349|308|607|5091
LR3MS4JI48600B|16-24|CHN||261|289|228|124|260|293|238|313|241|321|243|130|241|423|307|598|599|5101
LR3MS4JI485748|30-34|CHN||309|306|270|183|283|323|280|7|310|294|281|161|284|296|357|376|797|5110
LR3MS4JI4859AD|30-34|CHN||278|267|278|178|309|277|280|348|275|280|268|137|268|449|311|292|635|5121
LR3MS4JI485DEE|25-29|CHN||269|260|259|178|272|346|446|254|291|290|312|133|310|321|302|337|555|5126
LR3MS4JI485779|16-24|CHN||283|319|243|204|269|314|249|258|288|338|253|164|265|273|306|317|803|5138
LR3MS4JI485DCC|40-44|GBR||287|262|247|117|270|228|278|441|315|316|291|178|298|296|327|371|627|5140
LR3MS4JI4852EA|25-29|CHN||295|277|254|166|274|215|285|280|313|290|315|160|319|272|479|358|599|5145
LR3MS4JI485533|40-44|CHN||302|284|268|155|276|344|285|274|282|289|286|128|287|350|321|403|636|5161
LR3MS4JI485BF0|50-54|CHN||325|302|241|280|247|392|244|301|250|311|255|136|261|306|287|454|583|5166
LR3MS4JI485E11|30-34|CHN||296|261|271|174|289|262|282|368|310|300|298|160|283|314|368|424|515|5169
LR3MS4JI484A55|25-29|FRA||290|284|256|180|278|253|274|363|298|282|283|137|295|364|327|484|538|5177
LR3MS4JI4859BC|16-24|CHN||290|290|254|208|281|304|251|421|248|291|284|145|279|290|335|358|661|5183
LR3MS4JI485FEB|16-24|CHN||331|272|277|165|270|307|263|293|271|282|267|160|266|343|304|585|542|5190
LR3MS4JI484A07|16-24|GER||323|276|266|142|281|249|300|424|299|265|291|125|288|412|318|405|541|5197
LR3MS4JI485FD8|30-34|CHN||326|266|291|177|306|248|311|283|329|292|307|145|321|347|368|382|518|5207
LR3MS4JI485DDE|35-39|CHN||284|291|258|173|291|336|325|352|296|303|284|134|284|306|331|463|513|5216
LR3MS4JI48510D|45-49|CHN||295|267|262|157|539|260|290|228|301|281|290|221|297|261|346|411|522|5222
LR3MS4JI485590|25-29|CHN||260|283|253|173|298|193|305|212|379|319|306|134|309|236|340|400|843|5234
LR3MS4JI485A0C|35-39|CHN||298|282|292|148|298|262|287|373|322|281|305|123|303|359|367|371|576|5239
LR3MS4JI48550A|40-44|CHN||281|287|246|280|258|390|256|352|258|305|250|156|246|348|283|527|546|5261
LR3MS4JI486001|40-44|CHN||264|287|276|148|324|335|303|359|308|285|310|122|293|317|349|387|612|5271
LR3MS4JI485168|30-34|CHN||312|286|287|202|308|278|293|321|315|292|304|142|289|330|335|364|624|5275
LR3MS4JI4859A9|35-39|CHN||456|284|528|148|269|270|258|318|278|305|266|110|265|303|293|445|502|5291
LR3MS4JI48530D|45-49|CHN||338|275|312|187|313|289|315|331|311|279|326|136|316|291|374|288|628|5301
LR3MS4JI485161|35-39|CHN||313|276|292|202|297|316|310|289|336|277|313|141|306|334|348|340|625|5307
LR3MS4JI48602A|30-34|CHN||294|280|279|188|287|289|282|225|287|299|284|119|287|297|344|506|770|5309
LR3MS4JI48575A|25-29|CHN||276|287|250|192|529|308|251|308|274|291|262|229|271|298|346|441|504|5312
LR3MS4JI485C19|35-39|CHN||332|281|286|195|331|201|289|330|289|287|299|109|309|294|353|476|665|5317
LR3MS4JI48511D|40-44|CHN||319|291|260|146|276|323|280|415|290|338|275|115|287|391|318|456|557|5329
LR3MS4JI485141|35-39|CHN||273|295|259|209|296|294|303|268|318|291|292|151|292|413|398|427|566|5338
LR3MS4JI48555F|35-39|CHN||330|275|280|172|301|317|296|258|282|277|294|165|321|396|389|292|701|5339
LR3MS4JI48554D|30-34|CHN||325|297|270|195|278|419|267|256|290|304|280|146|294|337|317|535|537|5341
LR3MS4JI485314|25-29|CHN||310|272|289|194|333|408|321|201|314|287|310|171|318|309|376|300|637|5343
LR3MS4JI485BCA|30-34|CHN||319|290|281|201|307|321|307|359|314|292|286|116|295|311|321|451|587|5350
LR3MS4JI485755|45-49|CHN||336|271|282|162|299|294|301|356|330|302|308|108|301|334|375|408|595|5354
LR3MS4JI485551|30-34|CHN||319|261|293|193|307|248|313|318|324|290|322|125|315|317|371|348|700|5355
LR3MS4JI4852F3|35-39|CHN||254|273|235|220|294|352|292|305|300|307|278|195|303|362|398|350|658|5368
LR3MS4JI4849BB|35-39|KOR||311|278|273|227|286|348|277|292|274|308|277|135|288|409|328|526|544|5373
LR3MS4JI4859DF|25-29|CHN||315|292|292|151|324|355|297|359|311|274|300|155|298|336|308|406|611|5376
LR3MS4JI484A35|40-44|THA||329|295|290|230|298|290|303|249|318|315|299|128|318|316|367|427|614|5378
LR3MS4JI485762|16-24|CHN||263|287|260|231|277|344|266|294|281|292|271|194|262|359|308|586|615|5383
LR3MS4JI48516D|30-34|CHN||284|277|531|176|437|248|266|268|295|287|272|150|279|246|320|428|632|5388
LR3MS4JI484915|30-34|TPE||322|277|292|192|305|260|298|350|319|287|318|144|328|365|389|349|607|5392
LR3MS4JI48550D|40-44|CHN||270|306|228|250|234|317|250|440|253|324|257|232|254|424|298|468|597|5394
LR3MS4JI48552D|30-34|CHN||282|274|272|170|287|286|287|252|304|300|299|156|302|315|354|421|842|5395
LR3MS4JI486027|30-34|CHN||338|273|282|183|293|276|307|348|320|280|298|139|327|323|378|452|591|5399
LR3MS4JI485A01|30-34|CHN||312|287|276|222|290|348|290|338|300|314|294|145|278|393|342|380|610|5412
LR3MS4JI4859C9|35-39|CHN||311|291|278|187|290|338|306|379|312|295|298|141|301|326|331|477|565|5421
LR3MS4JI485738|40-44|CHN||298|314|278|231|293|321|280|294|294|303|292|175|281|295|331|562|598|5432
LR3MS4JI4849D9|45-49|MAS||278|285|268|180|285|315|271|363|289|294|290|165|307|411|376|460|608|5436
LR3MS4JI4849F5|30-34|CHN||287|275|303|202|337|354|325|351|318|284|299|131|301|362|331|320|668|5440
LR3MS4JI4859DB|40-44|CHN||280|270|256|161|279|297|278|300|310|291|299|142|307|417|387|509|670|5445
LR3MS4JI485FDA|25-29|CHN||304|287|285|188|460|295|296|282|321|324|312|138|327|329|343|440|537|5461
LR3MS4JI485DEC|35-39|CHN||315|288|277|162|283|287|285|282|306|302|285|109|295|520|377|373|728|5465
LR3MS4JI485146|30-34|CHN||259|285|263|204|278|333|280|399|307|303|320|174|313|348|362|514|540|5472
LR3MS4JI485513|30-34|CHN||326|267|286|204|317|357|305|231|308|313|301|150|307|286|531|379|614|5475
LR3MS4JI485113|30-34|CHN||289|285|285|253|317|334|284|336|293|287|289|209|298|401|328|407|598|5485
LR3MS4JI48510B|45-49|CHN||345|311|287|167|310|312|309|327|336|334|314|116|326|294|371|418|620|5490
LR3MS4JI485586|30-34|CHN||317|278|305|147|332|279|322|339|333|289|327|148|327|355|363|322|719|5493
LR3MS4JI4857B6|40-44|CHN||283|318|245|300|244|268|247|369|276|306|265|136|267|288|307|804||5503
LR3MS4JI485553|45-49|CHN||261|263|243|227|265|291|273|380|292|294|279|249|273|545|361|444|581|5512
LR3MS4JI48515A|30-34|CHN||311|310|269|200|299|313|292|352|296|324|272|195|282|387|314|453|657|5519
LR3MS4JI485BF7|45-49|CHN||251|304|226|236|226|376|231|410|248|313|242|178|236|411|263|897|483|5523
LR3MS4JI486017|30-34|CHN||309|276|297|178|311|227|310|343|331|278|308|146|405|478|357|336|651|5534
LR3MS4JI486026|35-39|CHN||379|316|323|141|326|266|332|246|352|295|335|131|322|354|380|386|666|5541
LR3MS4JI485BFA|25-29|CHN||319|274|292|183|334|312|339|340|336|285|338|146|331|332|402|335|654|5543
LR3MS4JI485994|16-24|CHN||258|269|251|199|287|426|320|375|316|313|287|175|293|372|329|441|644|5547
LR3MS4JI4849E3|30-34|SIN||279|306|261|274|282|435|279|419|269|317|279|232|280|333|328|442|549|5556
LR3MS4JI485A0A|45-49|DEN||336|271|299|143|312|245|320|409|326|280|318|110|322|353|424|333|775|5567
LR3MS4JI485BC2|25-29|CHN||325|298|280|191|299|337|286|335|298|299|299|147|281|339|370|367|829|5573
LR3MS4JI4849B0|25-29|MGL||520|288|291|150|307|281|308|333|324|311|314|196|318|329|370|374|570|5575
LR3MS4JI4859F6|30-34|CHN||305|273|271|175|345|345|350|323|303|295|341|150|343|325|398|417|631|5582
LR3MS4JI485506|25-29|CHN||271|307|271|227|355|369|288|270|415|317|263|194|238|291|292|645|591|5595
LR3MS4JI485981|30-34|CHN||280|276|249|254|248|325|262|386|267|305|269|170|304|447|331|437|800|5600
LR3MS4JI485B98|45-49|CHN||330|325|277|182|290|296|313|313|309|313|306|185|305|338|354|402|776|5605
LR3MS4JI485BE7|25-29|CHN||317|275|298|228|324|280|312|329|328|313|306|156|307|306|342|504|697|5612
LR3MS4JI485BF6|35-39|CHN||284|272|267|145|285|287|295|246|342|302|369|161|378|355|435|555|651|5621
LR3MS4JI485534|16-24|CHN||266|270|269|174|313|523|339|422|319|301|308|180|307|384|338|331|590|5627
LR3MS4JI485583|25-29|CHN||287|284|281|195|314|328|305|323|334|301|319|159|332|328|381|422|751|5636
LR3MS4JI485377|55-59|GBR||296|319|249|188|264|280|258|494|279|321|283|160|275|385|317|694|584|5639
LR3MS4JI485FED|30-34|CHN||346|279|317|183|343|330|345|339|352|292|339|112|345|331|373|324|720|5661
LR3MS4JI485DF0|35-39|CHN||319|305|271|191|313|314|325|352|338|317|326|183|312|377|346|480|614|5676
LR3MS4JI4859D6|30-34|CHN||279|309|265|166|277|296|288|286|351|299|308|174|304|407|401|654|625|5682
LR3MS4JI4857B8|35-39|CHN||281|285|258|251|306|401|292|297|327|313|286|134|288|344|342|654|636|5687
LR3MS4JI4859F0|40-44|CHN||308|291|268|215|283|428|292|350|297|308|275|184|279|368|350|624|590|5701
LR3MS4JI485C1D|25-29|CHN||445|309|297|221|303|331|304|320|325|315|304|240|292|279|369|341|726|5713
LR3MS4JI485DBC|30-34|CHN||311|269|273|240|317|358|315|319|315|298|304|138|311|397|471|405|692|5726
LR3MS4JI486002|35-39|CHN||290|316|255|187|264|331|275|325|300|331|276|193|286|443|357|751|559|5732
LR3MS4JI485503|25-29|CHN||334|336|285|240|305|345|308|406|323|308|341|109|339|364|356|326|727|5743
LR3MS4JI485593|25-29|CHN||283|277|296|178|335|384|318|318|310|296|352|124|301|347|402|479|758|5751
LR3MS4JI4852F2|35-39|CHN||347|270|314|183|352|282|361|328|396|286|300|172|285|323|343|430|791|5756
LR3MS4JI48559D|30-34|CHN||307|271|299|204|324|347|327|332|358|313|332|173|339|322|401|383|736|5760
LR3MS4JI485767|40-44|CHN||338|287|316|163|330|300|329|350|342|282|341|137|342|357|376|496|682|5762
LR3MS4JI485798|30-34|HKG||293|316|275|298|312|399|318|222|323|348|296|180|318|364|379|497|636|5766
LR3MS4JI4859E5|30-34|CHN||297|298|271|441|279|127|277|428|321|357|296|135|293|301|383|575|708|5779
LR3MS4JI484994|40-44|MAS||365|284|307|189|318|359|324|414|322|305|335|127|334|347|384|428|651|5784
LR3MS4JI485C26|35-39|CHN||350|300|300|147|318|212|325|366|352|332|344|135|332|341|412|442|788|5787
LR3MS4JI485799|35-39|CHN||297|301|260|140|296|311|295|437|341|304|344|136|300|417|405|459|762|5795
LR3MS4JI485132|35-39|CHN||287|283|256|251|279|292|269|310|310|306|461|114|304|522|466|386|712|5800
LR3MS4JI485744|30-34|CHN||319|280|306|146|335|358|354|344|379|303|341|148|338|316|361|463|722|5804
LR3MS4JI484A5F|16-24|CAN||270|288|258|210|298|337|298|384|317|294|287|222|282|414|318|693|647|5808
LR3MS4JI48603C|35-39|CHN||326|289|297|218|301|340|301|367|299|289|306|185|311|444|367|504|680|5816
LR3MS4JI485BD8|40-44|CHN||271|274|271|165|301|337|307|364|313|289|335|127|319|457|403|623|677|5823
LR3MS4JI485DEA|40-44|CHN||317|294|280|225|308|359|306|354|322|307|346|138|344|382|391|417|748|5830
LR3MS4JI486028|35-39|CHN||330|298|284|195|306|310|297|452|310|293|298|153|291|408|355|530|737|5839
LR3MS4JI485E39|35-39|HUN||378|292|322|154|328|296|371|438|334|313|334|126|378|387|379|396|623|5841
LR3MS4JI485DF8|25-29|CHN||345|315|310|206|330|280|335|383|345|297|338|151|348|374|419|436|648|5850
LR3MS4JI48604A|35-39|CHN||321|313|274|166|298|289|299|235|304|321|315|159|301|359|465|688|758|5856
LR3MS4JI485DD3|35-39|CHN||333|263|280|191|336|308|365|410|328|286|324|161|326|402|388|424|746|5861
LR3MS4JI485157|25-29|CHN||278|300|280|242|287|343|302|427|311|315|307|169|293|456|368|388|806|5863
LR3MS4JI48556B|30-34|CHN||301|311|280|196|303|342|320|332|337|310|320|171|350|376|399|461|763|5863
LR3MS4JI485BD1|30-34|CHN||359|300|313|173|324|270|317|379|332|314|330|143|332|409|408|480|695|5870
LR3MS4JI48550B|30-34|CHN||309|322|272|188|296|472|296|493|297|334|284|149|302|460|326|510|573|5876
LR3MS4JI485112|30-34|CHN||269|281|270|175|335|322|313|359|347|317|296|107|313|349|554|415|870|5885
LR3MS4JI4849E8|30-34|MAS||335|317|278|227|314|441|323|345|330|314|323|161|339|391|345|522|592|5889
LR3MS4JI485BC8|35-39|CHN||315|301|298|225|305|409|313|396|315|328|296|143|305|401|359|566|636|5901
LR3MS4JI4852F6|25-29|CHN||292|282|291|181|343|336|324|231|358|287|408|144|378|426|553|340|744|5909
LR3MS4JI4850F1|30-34|CHN||322|270|287|194|308|358|317|474|322|291|330|180|325|489|382|404|671|5915
LR3MS4JI485DCD|16-24|CHN||327|287|306|184|370|353|552|306|345|286|334|125|332|315|388|431|689|5921
LR3MS4JI485DF1|40-44|CHN||331|313|309|181|330|357|335|365|374|324|347|134|364|357|412|427|675|5926
LR3MS4JI48599A|30-34|CHN||327|269|293|241|307|337|307|400|353|322|361|149|357|425|518|314|658|5931
LR3MS4JI485DC7|35-39|CHN||360|297|306|168|326|336|322|330|332|341|307|151|312|391|438|449|780|5937
LR3MS4JI485126|35-39|CHN||322|287|466|189|300|325|300|325|341|309|304|173|322|367|433|519|680|5953
LR3MS4JI485BA7|35-39|CHN||327|284|293|193|334|337|332|287|343|287|320|163|338|333|397|564|830|5954
LR3MS4JI485145|25-29|CHN||263|297|296|298|317|442|317|396|344|301|346|175|318|332|372|445|711|5961
LR3MS4JI485594|16-24|CHN||301|311|308|234|382|381|316|205|389|308|336|170|320|276|407|423|909|5968
LR3MS4JI485163|16-24|CHN||387|320|338|233|355|392|359|284|361|314|361|176|354|331|360|471|587|5976
LR3MS4JI485987|35-39|CHN||332|272|300|168|326|276|332|430|354|294|341|139|339|447|516|372|749|5980
LR3MS4JI48551A|30-34|CHN||300|276|367|253|279|254|280|311|351|294|422|165|417|362|642|395|629|5989
LR3MS4JI485108|40-44|CHN||361|297|331|182|358|294|361|314|407|321|350|131|360|349|447|425|722|6002
LR3MS4JI4849AB|30-34|FRA||356|276|338|177|378|283|352|445|379|312|328|106|329|354|406|496|697|6004
LR3MS4JI485FF9|25-29|CHN||356|297|313|234|333|405|322|372|317|298|318|147|338|357|382|433|799|6012
LR3MS4JI4859F9|40-44|CHN||282|338|242|183|265|389|268|319|278|345|276|140|265|566|328|963|576|6014
LR3MS4JI485327|45-49|CHN||347|287|315|288|303|326|309|313|330|327|332|167|334|398|414|437|805|6023
LR3MS4JI485FF0|35-39|CHN||319|306|317|208|341|368|328|306|336|317|323|157|336|316|383|521|856|6028
LR3MS4JI48530F|30-34|CHN||322|284|313|228|357|351|339|338|356|316|347|147|345|401|412|447|737|6031
LR3MS4JI485FFB|35-39|CHN||319|278|293|233|315|310|315|418|341|293|360|163|326|487|404|586|608|6041
LR3MS4JI485C1C|25-29|ISR||436|305|267|193|290|348|295|516|335|312|305|162|314|445|346|567|619|6047
LR3MS4JI486033|30-34|CHN||360|321|449|249|312|453|295|262|336|321|338|156|315|322|405|557|611|6053
LR3MS4JI485133|30-34|CHN||276|283|264|231|282|337|280|523|302|312|295|144|303|350|392|801|689|6055
LR3MS4JI485E41|40-44|CHN||320|276|369|193|296|378|309|336|321|297|318|155|310|309|385|623|877|6065
LR3MS4JI485310|40-44|CHN||300|310|283|165|293|320|326|423|345|302|324|150|382|382|729|369|681|6076
LR3MS4JI4859F7|40-44|CHN||337|292|292|191|309|377|315|371|331|344|327|156|331|422|373|638|682|6080
LR3MS4JI485176|45-49|CHN||370|320|315|261|320|373|314|322|333|326|316|198|316|374|375|583|682|6088
LR3MS4JI4859B9|35-39|CHN||378|315|335|180|363|362|371|345|381|299|389|175|386|311|442|348|727|6099
LR3MS4JI4850F5|35-39|CHN||308|304|536|143|550|346|632|316|302|312|273|120|301|367|331|400|572|6106
LR3MS4JI485E06|30-34|CHN||319|308|300|199|335|382|330|345|345|321|317|163|346|477|414|507|706|6107
LR3MS4JI4859E4|30-34|CHN||325|294|282|198|319|341|314|18|350|378|330|192|314|361|393|491|1219|6111
LR3MS4JI485591|16-24|GER||315|313|284|180|300|376|312|408|331|328|313|173|342|398|359|644|751|6120
LR3MS4JI485977|35-39|CHN||271|311|269|226|299|351|300|387|401|351|306|167|325|353|450|623|746|6128
LR3MS4JI486030|30-34|CHN||315|267|293|179|310|300|316|570|334|315|319|158|313|449|375|525|803|6131
LR3MS4JI48511C|25-29|CHN||285|282|274|219|308|402|328|410|365|307|344|109|349|409|400|518|834|6135
LR3MS4JI485357|40-44|CHN||279|275|267|189|323|408|325|562|344|313|327|152|310|419|356|556|740|6137
LR3MS4JI4849D2|16-24|MGL||307|305|447|246|353|326|314|234|347|328|354|157|310|415|422|501|783|6142
LR3MS4JI485E38|35-39|CHN||344|311|333|274|334|303|338|305|362|329|353|166|343|314|390|640|716|6147
LR3MS4JI485DAE|30-34|CHN||300|304|292|211|348|311|339|441|381|346|358|176|354|346|440|466|757|6163
LR3MS4JI4859DA|25-29|CHN||348|294|326|191|357|315|364|360|404|318|358|153|352|355|459|556|681|6183
LR3MS4JI485DEF|35-39|CHN||325|348|285|81|279|196|289|527|329|340|302|218|299|488|357|796|738|6188
LR3MS4JI485C15|40-44|CHN||335|310|299|244|308|452|326|346|314|319|325|208|347|419|401|503|742|6191
LR3MS4JI48576F|30-34|CHN||354|320|309|240|321|344|322|443|331|330|315|219|334|329|396|593|711|6202
LR3MS4JI485349|25-29|CHN||307|300|302|209|341|322|345|423|355|323|337|174|337|330|469|562|784|6212
LR3MS4JI485C24|35-39|CHN||339|283|308|195|350|264|339|519|379|303|356|125|352|346|503|392|878|6223
LR3MS4JI485E2C|25-29|CHN||358|318|333|282|341|382|316|257|342|314|343|171|351|417|402|480|825|6223
LR3MS4JI486051|40-44|CHN||313|299|299|279|310|330|296|363|308|322|344|142|303|385|391|689|858|6224
LR3MS4JI485304|25-29|CHN||377|322|350|199|392|374|340|343|371|302|380|156|330|345|388|427|842|6230
LR3MS4JI485765|25-29|CHN||335|303|291|229|306|360|329|366|351|317|350|229|372|438|446|575|648|6237
LR3MS4JI485162|25-29|CHN||281|281|292|194|326|383|313|385|322|342|314|182|294|542|416|660|736|6255
LR3MS4JI485FF5|35-39|CHN||274|279|319|215|519|338|335|347|393|289|339|101|356|295|648|397|820|6257
LR3MS4JI4857C4|25-29|CHN||305|297|285|201|307|392|301|347|316|318|302|150|344|559|475|375|997|6265
LR3MS4JI485DC1|35-39|CHN||342|271|310|203|340|320|349|449|357|288|348|153|359|419|411|707|656|6273
LR3MS4JI4859D2|35-39|CHN||321|284|303|181|339|329|353|326|384|298|385|181|374|421|523|466|817|6276
LR3MS4JI4850EF|40-44|CHN||340|299|265|224|289|521|281|397|295|334|289|139|290|428|350|746|807|6285
LR3MS4JI4859B4|30-34|CHN||469|294|334|200|370|307|360|322|432|354|371|163|350|294|444|438|796|6290
LR3MS4JI485587|30-34|CHN||313|293|285|227|332|326|320|328|311|309|311|178|303|436|394|719|927|6305
LR3MS4JI485BA6|45-49|CHN||349|284|305|220|311|357|321|378|320|333|321|128|320|425|463|586|906|6319
LR3MS4JI48514E|40-44|CHN||333|338|284|195|290|299|300|373|325|330|303|160|299|467|569|877|602|6337
LR3MS4JI48577A|30-34|CHN||300|297|302|175|349|314|358|467|368|289|358|174|341|533|410|484|828|6340
LR3MS4JI48598B|30-34|CHN||502|321|293|205|317|324|319|578|359|347|330|179|337|394|384|446|723|6351
LR3MS4JI485FF1|40-44|CHN||332|282|300|266|315|347|308|295|321|315|325|156|485|461|600|524||6356
LR3MS4JI485568|30-34|CHN||301|303|303|259|354|407|341|435|352|331|342|159|379|466|465|457|715|6360
LR3MS4JI485359|35-39|CHN||337|292|293|180|343|370|328|218|397|331|454|130|422|365|600|426|888|6365
LR3MS4JI48597F|40-44|CHN||309|293|315|265|347|383|323|414|332|327|342|184|353|367|442|667|723|6377
LR3MS4JI485DEB|35-39|CHN||322|297|286|266|321|475|378|393|362|355|347|180|345|365|400|527|773|6384
LR3MS4JI48601C|40-44|CHN||306|328|283|190|321|391|337|399|376|322|343|153|350|424|381|585|908|6390
LR3MS4JI48494A|35-39|PHI||365|306|335|212|355|321|375|473|385|318|387|171|404|407|425|451|722|6405
LR3MS4JI484A49|30-34|MGL||328|312|323|228|372|411|353|438|364|340|349|194|340|393|380|601|705|6421
LR3MS4JI485FDC|25-29|CHN||403|285|341|207|361|372|383|381|382|310|371|175|485|354|540|352|741|6437
LR3MS4JI485BF8|25-29|CHN||357|328|324|302|364|388|369|323|390|355|375|201|379|360|470|502|661|6440
LR3MS4JI485BBE|30-34|CHN||344|293|334|161|359|285|362|357|400|312|378|141|390|710|549|334|751|6452
LR3MS4JI48601B|16-24|CHN||324|345|285|188|307|460|309|421|410|372|322|185|329|431|419|580|792|6470
LR3MS4JI48536D|30-34|CHN||323|295|306|250|373|396|384|427|355|302|337|135|346|369|429|506|950|6477
LR3MS4JI485155|25-29|CHN||403|307|353|168|394|324|377|345|530|294|404|76|413|403|370|519|807|6480
LR3MS4JI485508|45-49|CHN||307|291|302|229|324|388|328|484|352|297|349|213|369|402|471|605|784|6487
LR3MS4JI4857A4|16-24|CHN||321|278|297|212|330|326|295|477|317|304|331|165|321|530|669|443|888|6497
LR3MS4JI48600A|40-44|CHN||422|307|364|166|387|379|383|426|396|338|365|152|370|425|453|455|739|6521
LR3MS4JI485DBE|35-39|CHN||372|311|314|219|344|361|344|382|376|312|356|270|340|399|440|615|783|6531
LR3MS4JI485320|30-34|CHN||376|305|320|250|340|449|336|378|374|316|362|179|370|367|445|528|861|6546
LR3MS4JI48552C|30-34|CHN||340|288|309|249|342|423|354|384|375|299|328|179|470|498|393|450|897|6569
LR3MS4JI485BFB|25-29|CHN||340|285|380|205|433|339|402|464|398|332|355|150|422|342|473|512|748|6571
LR3MS4JI485E1E|25-29|CHN||341|310|303|294|326|468|308|468|314|325|317|201|329|525|376|647|740|6585
LR3MS4JI485E27|30-34|CHN||356|344|337|227|384|381|372|455|378|360|433|165|369|315|439|555|726|6588
LR3MS4JI48516B|40-44|CHN||279|297|294|291|377|502|319|422|356|298|353|163|344|395|445|558|909|6594
LR3MS4JI4859A2|35-39|CHN||368|320|316|179|353|378|356|391|362|373|441|161|373|400|480|474|888|6604
LR3MS4JI4859E2|35-39|CHN||315|306|301|229|316|467|342|385|354|298|427|163|412|473|436|597|797|6610
LR3MS4JI485C1F|16-24|CHN||304|267|321|268|329|278|331|428|443|319|413|204|370|462|368|497|1019|6612
LR3MS4JI485BDA|40-44|CHN||400|340|360|170|357|344|359|440|377|326|360|203|370|528|485|575|634|6622
LR3MS4JI4859C1|40-44|CHN||293|271|280|239|327|409|365|472|324|315|380|178|661|464|404|501|770|6646
LR3MS4JI485FCC|35-39|CHN||300|304|273|231|299|307|308|199|331|307|383|156|601|576|989|365|733|6656
LR3MS4JI485114|25-29|CHN||329|296|303|195|395|354|356|237|427|328|393|193|361|369|537|577|1018|6659
LR3MS4JI485B97|40-44|CHN||351|305|296|237|339|449|324|550|340|336|333|139|313|526|353|779|699|6661
LR3MS4JI485737|30-34|CHN||529|303|303|218|321|388|321|463|342|332|334|143|325|383|469|778|722|6667
LR3MS4JI486019|50-54|CHN||369|292|314|192|336|314|333|505|366|326|342|128|319|560|417|661|908|6674
LR3MS4JI485771|40-44|CHN||317|317|310|201|332|477|331|432|335|355|335|165|368|475|498|579|860|6678
LR3MS4JI485E04|30-34|CHN||357|296|334|414|382|332|387|291|439|335|361|171|383|375|493|556|790|6689
LR3MS4JI485341|30-34|CHN||295|276|279|217|322|899|322|488|357|307|385|213|367|373|423|406|775|6697
LR3MS4JI485DE0|35-39|CHN||332|299|324|246|341|471|315|591|340|317|342|213|354|598|419|498|706|6699
LR3MS4JI485C22|30-34|CHN||313|321|309|291|328|510|293|283|393|335|308|236|297|345|424|654|1073|6703
LR3MS4JI486046|30-34|CHN||306|313|320|266|335|400|347|437|354|351|331|174|424|383|650|495|829|6707
LR3MS4JI48559C|30-34|CHN||357|365|307|304|313|490|325|496|333|314|331|235|323|399|427|621|788|6718
LR3MS4JI486029|30-34|CHN||310|293|311|184|334|349|352|398|348|332|342|189|312|465|381|1055|781|6728
LR3MS4JI485733|16-24|CHN||284|322|280|342|407|527|287|406|357|321|379|161|349|313|521|475|1012|6736
LR3MS4JI485371|40-44|CHN||299|344|281|214|303|427|335|408|346|336|329|148|323|436|625|789|808|6743
LR3MS4JI485574|40-44|CHN||327|308|299|184|323|426|353|608|363|296|363|206|349|392|387|867|705|6747
LR3MS4JI485599|40-44|CHN||313|300|295|177|314|315|332|328|450|326|505|165|544|519|541|579|768|6762
LR3MS4JI48578F|40-44|CHN||345|318|294|278|311|391|313|485|333|352|315|198|397|416|422|687|919|6765
LR3MS4JI4859E7|40-44|USA||374|299|342|207|344|333|346|567|450|321|373|232|378|481|414|509|814|6775
LR3MS4JI484A6A|40-44|JPN||344|302|327|234|362|434|363|597|367|348|341|171|334|511|394|619|754|6794
LR3MS4JI48557E|30-34|CHN||291|355|268|276|309|457|280|527|285|350|261|204|287|457|459|704|1041|6804
LR3MS4JI48602C|25-29|CHN||346|316|306|196|330|345|330|297|367|320|587|212|448|257|694|694|775|6811
LR3MS4JI486048|30-34|CHN||345|352|291|230|320|541|369|449|402|379|324|224|338|405|541|456|855|6815
LR3MS4JI48494F|16-24|MGL||531|322|320|196|351|349|355|487|357|329|342|137|361|488|525|562|828|6831
LR3MS4JI4859D1|30-34|CHN||361|305|565|217|389|342|343|478|389|299|351|149|344|500|431|614|771|6841
LR3MS4JI4852EB|25-29|CHN||369|337|342|193|407|508|394|378|402|343|364|174|385|375|468|727|693|6850
LR3MS4JI4850F3|40-44|CHN||358|319|297|210|319|374|326|397|334|346|328|276|332|588|388|992|687|6863
LR3MS4JI4859E0|35-39|CHN||327|290|552|309|371|372|351|372|364|342|383|131|327|465|454|560|921|6884
LR3MS4JI48536E|30-34|CHN||335|306|338|175|354|337|385|547|499|302|393|153|359|381|531|602|917|6905
LR3MS4JI48600F|40-44|CHN||324|319|292|264|342|543|365|401|418|354|326|220|360|356|416|863|752|6909
LR3MS4JI485E0C|35-39|POL||350|273|379|181|398|349|395|483|401|351|438|202|402|484|539|446|847|6909
LR3MS4JI48578A|35-39|CHN||366|317|352|208|381|364|371|416|374|332|382|186|401|457|530|646|853|6927
LR3MS4JI485106|35-39|CHN||295|284|326|192|578|354|384|366|414|319|419|135|438|442|493|579|922|6932
LR3MS4JI4859A7|25-29|CHN||325|315|283|221|316|411|335|453|367|393|306|198|325|632|446|975|659|6952
LR3MS4JI48512A|30-34|CHN||318|296|299|189|337|300|348|674|459|332|336|126|362|532|583|471|1016|6970
LR3MS4JI485115|35-39|CHN||314|277|302|228|335|388|331|353|333|320|334|206|362|429|1220|415|838|6978
LR3MS4JI4849EB|30-34|GBR||350|287|319|246|330|427|346|696|342|343|362|164|348|676|433|633|696|6992
LR3MS4JI48600D|40-44|CHN||381|312|318|178|377|462|383|489|386|321|391|199|428|413|485|567|922|7001
LR3MS4JI486004|35-39|CHN||324|319|316|250|382|470|368|370|377|309|383|146|388|353|626|779|856|7006
LR3MS4JI485125|40-44|CHN||544|325|338|383|341|464|335|282|356|371|350|259|341|564|384|636|755|7020
LR3MS4JI485E03|35-39|HKG||555|316|346|241|390|360|383|441|402|304|416|138|384|438|473|599|856|7034
LR3MS4JI4850F9|35-39|CHN||332|288|354|317|359|364|336|457|344|311|353|203|370|649|484|682|843|7040
LR3MS4JI48555B|30-34|CHN||340|315|288|209|553|356|324|522|331|354|333|187|343|517|430|868|782|7046
LR3MS4JI485322|40-44|CHN||424|336|395|210|399|330|407|467|432|344|427|204|435|414|459|479|908|7063
LR3MS4JI48579F|40-44|CHN||323|287|324|235|352|318|372|329|423|311|399|122|419|428|1267|340|829|7070
LR3MS4JI484A10|16-24|INA||295|327|291|267|345|438|292|597|311|330|310|171|311|470|904|554|886|7090
LR3MS4JI485577|30-34|CHN||330|304|325|212|340|418|369|475|427|350|347|305|355|475|445|639|990|7095
LR3MS4JI484A1F|40-44|SIN||273|266|242|186|257|259|256|269|263|290|464|125|732|569|687|341|1647|7117
LR3MS4JI48554E|30-34|CHN||370|313|298|202|350|411|386|403|420|309|393|180|476|359|570|663|1036|7132
LR3MS4JI485C1A|30-34|CHN||395|310|337|275|383|406|379|418|442|336|349|204|379|506|488|746|803|7148
LR3MS4JI485BDB|30-34|CHN||343|342|319|282|351|336|341|381|384|349|399|182|422|390|1036|514|787|7152
LR3MS4JI4857D5|35-39|CHN||425|321|365|204|396|375|420|610|452|339|437|155|435|543|537|421|749|7178
LR3MS4JI485E42|55-59|CHN||359|358|311|232|321|426|323|569|347|388|329|200|332|849|391|820|642|7188
LR3MS4JI4857C9|30-34|CHN||349|311|324|234|367|384|383|465|420|329|429|172|408|499|466|738|934|7204
LR3MS4JI485E17|30-34|CHN||269|349|254|303|297|583|273|467|318|345|273|253|272|744|338|1217|658|7205
LR3MS4JI48578B|35-39|CHN||378|312|347|262|374|333|393|436|458|352|436|221|446|515|619|506|840|7220
LR3MS4JI485A04|16-24|CHN||397|318|349|210|387|418|367|424|395|355|376|220|398|583|468|799|770|7226
LR3MS4JI48531E|35-39|CHN||299|298|528|175|537|327|540|225|545|315|547|165|717|330|740|340|613|7234
LR3MS4JI4857A7|35-39|CHN||380|307|394|233|426|395|412|409|449|333|423|184|413|401|692|532|876|7251
LR3MS4JI48602D|16-24|CHN||386|313|345|203|454|291|418|457|491|368|352|162|379|641|574|587|865|7277
LR3MS4JI485BEB|35-39|CHN||358|319|332|183|360|361|381|524|403|359|380|165|408|520|441|1006|795|7287
LR3MS4JI48530E|50-54|CHN||334|328|311|313|344|430|348|656|454|333|376|157|363|334|412|762|1052|7299
LR3MS4JI486013|35-39|CHN||390|299|329|206|341|453|338|435|363|324|371|208|927|416|682|444|786|7304
LR3MS4JI48534B|30-34|CHN||359|356|351|275|377|361|382|558|403|313|388|187|437|451|524|685|917|7316
LR3MS4JI48602F|25-29|FRA||375|319|336|213|342|377|360|555|403|383|375|148|387|537|549|510|1176|7336
LR3MS4JI485124|30-34|CHN||411|302|388|213|455|412|447|488|477|312|465|193|518|473|485|422|910|7363
LR3MS4JI485DF7|35-39|CHN||377|353|331|165|369|313|380|510|417|354|400|226|718|452|494|652|863|7366
LR3MS4JI485783|16-24|CHN||305|297|548|224|564|901|585|337|582|359|354|164|381|395|464|489||7388
LR3MS4JI485DE4|25-29|CHN||342|321|336|253|330|367|315|322|351|373|389|166|648|669|802|705|733|7414
LR3MS4JI485DD4|30-34|CHN||285|302|541|241|570|372|326|580|345|315|345|165|345|658|478|581|997|7438
LR3MS4JI485DB9|40-44|CHN||305|314|303|180|316|401|332|624|363|315|351|138|366|752|427|1110|858|7447
LR3MS4JI48536C|30-34|CHN||360|309|311|223|361|448|323|425|354|312|355|138|347|471|1017|828|884|7460
LR3MS4JI48517D|45-49|CHN||331|335|294|370|295|648|309|368|336|338|312|465|362|514|602|791|807|7471
LR3MS4JI485342|30-34|CHN||381|304|364|237|407|406|435|562|523|347|482|159|430|421|633|552|866|7500
LR3MS4JI485544|30-34|CHN||316|315|308|154|379|380|346|507|447|334|367|186|440|439|1016|722|870|7515
LR3MS4JI485978|35-39|CHN||351|308|324|265|383|440|344|358|388|343|353|173|409|419|453|1215|1014|7532
LR3MS4JI485158|30-34|CHN||389|279|351|231|404|351|417|583|481|302|449|169|462|392|584|717|984|7538
LR3MS4JI485321|30-34|CHN||337|320|326|273|364|558|345|527|361|362|348|206|394|540|624|839|865|7581
LR3MS4JI485BE6|25-29|CHN||368|314|393|300|404|397|389|636|450|317|428|202|431|618|594|532|852|7618
LR3MS4JI485FD5|35-39|CHN||334|285|332|276|363|360|364|695|542|329|368|146|503|403|874|444|1016|7626
LR3MS4JI485338|25-29|CHN||368|341|337|159|371|580|387|475|381|375|365|212|418|743|387|817|949|7655
LR3MS4JI486044|30-34|CHN||349|331|492|321|636|431|555|395|356|329|321|199|347|578|463|955|625|7673
LR3MS4JI485B9A|35-39|CHN||298|336|284|273|312|638|301|610|318|371|317|259|355|518|546|1140|841|7709
LR3MS4JI4857CE|40-44|CHN||392|344|346|311|399|420|412|579|493|363|442|187|431|444|540|757|868|7720
LR3MS4JI485BBC|25-29|CHN||425|333|353|267|370|365|370|355|376|347|489|228|544|355|783|609|1167|7728
LR3MS4JI485142|35-39|CHN||335|305|316|275|470|441|446|522|413|337|367|196|373|514|646|1022|791|7760
LR3MS4JI4859C2|40-44|CHN||326|319|329|233|397|506|348|608|437|367|391|192|400|511|588|917|957|7819
LR3MS4JI486005|40-44|CHN||395|336|351|280|355|439|355|412|351|352|609|164|347|594|747|774|1005|7859
LR3MS4JI484980|35-39|CHN||356|342|321|257|345|506|344|532|365|334|334|217|353|584|1205|682|815|7884
LR3MS4JI48515E|50-54|CHN||287|342|314|308|440|465|312|466|330|348|301|263|333|378|415|1759|861|7915
LR3MS4JI485FCD|25-29|CHN||372|327|337|243|344|545|350|487|340|371|383|143|398|581|984|683|1065|7943
LR3MS4JI485517|25-29|CHN||316|375|288|277|323|450|348|448|358|413|316|179|299|333|423|1814|1013|7966
LR3MS4JI484A74|30-34|MGL||567|314|371|221|460|398|439|497|638|371|390|163|371|509|666|582|1025|7972
LR3MS4JI485E23|25-29|CHN||360|312|378|283|408|431|406|571|480|351|493|156|462|451|559|945|998|8035
LR3MS4JI485E3E|55-59|CHN||302|358|266|360|284|653|292|552|304|391|300|187|293|594|397|1559|962|8047
LR3MS4JI485E0E|35-39|CHN||367|332|374|255|359|480|381|517|447|318|436|344|432|363|549|910|1199|8053
LR3MS4JI486009|45-49|CHN||394|334|369|271|404|346|418|469|495|468|458|172|453|497|712|815|1034|8102
LR3MS4JI48512F|35-39|CHN||374|330|318|215|464|368|397|665|487|412|378|215|401|573|534|1079|905|8110
LR3MS4JI48534E|30-34|CHN||339|317|317|289|470|412|700|381|604|330|531|173|427|351|784|805|918|8139
LR3MS4JI485C0B|45-49|CHN||589|322|537|172|548|404|559|405|593|305|563|219|373|540|516|694|812|8142
LR3MS4JI485BC9|30-34|CHN||339|304|325|254|360|513|364|564|396|334|377|420|366|590|741|837|1086|8164
LR3MS4JI48536A|35-39|CHN||324|315|351|247|407|469|370|634|488|322|645|177|401|605|617|824|1012|8198
LR3MS4JI485154|40-44|CHN||398|297|322|200|350|384|355|550|543|336|563|197|496|417|877|805|1183|8264
LR3MS4JI485BB6|25-29|CHN||301|311|318|309|337|434|356|464|617|343|461|223|1168|548|592|459|1092|8326
LR3MS4JI485790|30-34|CHN||453|305|431|223|484|506|500|333|565|335|491|232|489|430|740|687|1172|8367
LR3MS4JI485E37|16-24|CHN||378|360|351|343|349|448|384|583|433|382|554|395|445|532|629|800|1047|8406
LR3MS4JI48533D|30-34|CHN||298|308|364|381|470|492|386|605|447|331|411|184|442|888|759|622|1043|8422
LR3MS4JI4855A2|45-49|CHN||284|325|313|307|351|479|360|664|398|354|336|218|338|594|452|1664|1026|8457
LR3MS4JI4857B5|30-34|CHN||400|391|414|251|415|479|452|558|453|392|455|229|478|298|764|1112|995|8528
LR3MS4JI485DDB|30-34|CHN||340|294|336|190|363|324|338|464|431|330|372|256|340|918|1383|932|986|8590
LR3MS4JI4857BD|45-49|CHN||335|323|338|185|501|343|524|467|752|365|482|174|466|443|757|1095|1076|8619
LR3MS4JI4859BE|30-34|CHN||394|419|328|514|402|642|383|510|374|396|355|329|372|598|453|1120|1080|8660
LR3MS4JI48574F|35-39|CHN||463|310|533|236|545|350|545|684|586|322|552|185|552|572|644|810|819|8701
LR3MS4JI485743|35-39|CHN||305|351|340|498|449|777|376|573|376|376|358|321|395|712|490|1001|1041|8730
LR3MS4JI4859BA|25-29|CHN||369|329|391|224|487|338|470|577|543|337|474|176|492|575|1111|871|1022|8778
LR3MS4JI485DD5|35-39|CHN||365|332|351|290|364|426|382|437|477|328|922|251|501|511|711|1202|971|8814
LR3MS4JI4859C7|40-44|CHN||375|302|345|223|389|542|444|742|498|313|461|204|427|932|675|874|1157|8896
LR3MS4JI485C1E|55-59|CHN||384|317|331|325|402|521|451|827|489|377|397|180|405|636|773|1217|927|8950
LR3MS4JI485565|30-34|CHN||378|337|343|245|370|399|413|464|665|326|427|162|379|446|1735|749|1167|8998
LR3MS4JI485509|35-39|CHN||597|337|482|232|512|328|503|549|547|334|521|269|553|666|784|570|1253|9029
LR3MS4JI485563|30-34|CHN||350|351|338|384|472|408|429|566|525|371|434|238|475|628|784|1061|1255|9058
LR3MS4JI484A03|40-44|CHN||377|347|546|251|512|598|400|462|518|394|427|185|454|559|692|1166|1192|9072
LR3MS4JI485374|25-29|CHN||320|341|308|424|445|604|421|765|466|356|377|198|381|834|576|1188|1101|9095
LR3MS4JI48553B|30-34|CHN||570|256|702|373|663|301|767|438|664|278|646|146|595|548|676|456|1101|9168
LR3MS4JI4850EE|30-34|CHN||369|331|394|273|371|541|374|876|329|360|316|155|359|1455|501|947|1286|9228
LR3MS4JI484912|25-29|FRA||383|354|359|379|365|653|357|868|400|362|406|328|408|520|546|1578|1014|9271
LR3MS4JI485DB7|35-39|CHN||290|313|260|190|313|371|325|1971|447|330|380|125|358|1226|752|1268|689|9600
LR3MS4JI48554C|30-34|CHN||369|341|344|469|577|648|432|601|565|345|548|246|487|438|829|1092|1432|9755
LR3MS4JI485793|40-44|CHN||384|375|366|324|518|813|550|514|490|374|499|262|534|747|681|997|1541|9960
LR3MS4JI4859B0|35-39|CHN||364|350|349|509|367|542|371|763|718|399|365|197|385|898|1160|1372|961|10061
LR3MS4JI485788|45-49|CHN||534|405|449|561|441|786|429|774|454|325|430|373|440|579|558|1707|949|10186
LR3MS4JI4859E1|45-49|CHN||729|344|566|287|571|570|582|773|585|383|577|204|590|983|847|896|798|10278
LR3MS4JI485BE9|40-44|CHN||303|348|336|353|362|534|388|777|496|346|470|218|489|1020|836|2737|1063|11070
LR3MS4JI48510E|35-39|CHN||408|342|534|335|627|552|769|974|792|379|656|201|642|933|887|888|1291|11205
LR3MS4JI485FC6|40-44|CHN||510|361|594|413|592|683|573|1118|658|487|651|523|632|1092|937|1717|1698|13230