LR3MS4JI48584E|25-29|CHN||256|284|217|138|221|248|217|193|219|279|222|107|221|199|239|244|366|3861
LR3MS4JI484976|30-34|AUS||258|303|217|126|223|190|228|240|225|296|224|104|230|178|236|273|364|3909
LR3MS4JI484A7F|25-29|KOR||257|291|222|156|226|275|226|189|228|297|233|121|225|231|233|287|369|4057
LR3MS4JI486078|30-34|CHN||282|296|229|147|244|210|238|196|249|300|241|108|238|203|266|217|405|4061
LR3MS4JI4860B8|16-24|HKG||257|293|235|104|258|223|248|234|268|294|254|113|252|211|269|251|415|4172
LR3MS4JI485C55|35-39|CHN||261|294|242|156|254|242|260|200|260|301|259|122|262|175|287|227|409|4204
LR3MS4JI485E66|30-34|CHN||287|290|249|146|252|212|256|203|262|306|258|119|266|198|287|256|435|4272
LR3MS4JI4853E9|40-44|CHN||275|298|250|157|256|222|263|175|277|304|277|110|268|212|295|202|443|4276
LR3MS4JI4851C6|45-49|CHN||286|302|246|136|256|240|256|162|264|306|262|111|270|226|285|290|428|4319
LR3MS4JI486087|30-34|CHN||277|300|231|145|238|220|243|280|251|291|255|119|245|244|281|303|443|4356
LR3MS4JI485808|25-29|CHN||306|286|254|169|258|248|260|253|265|305|256|113|258|256|279|264|417|4440
LR3MS4JI485A75|25-29|CHN||296|343|249|161|252|256|259|204|261|333|255|115|262|217|277|255|453|4441
LR3MS4JI4851B3|25-29|CHN||287|282|254|131|278|258|275|256|281|286|275|104|273|228|295|263|464|4483
LR3MS4JI4853A5|30-34|CHN||298|297|260|147|266|265|264|221|271|297|278|120|269|213|297|304|454|4516
LR3MS4JI4853A4|25-29|CHN||281|291|247|191|252|253|253|254|257|319|255|114|259|255|286|303|462|4525
LR3MS4JI4851A1|35-39|CHN||293|307|254|155|261|294|267|259|270|302|275|126|264|203|284|284|436|4526
LR3MS4JI48582E|30-34|CHN||262|292|239|150|256|393|254|234|261|300|268|114|252|205|273|291|499|4535
LR3MS4JI4860A9|35-39|CHN||294|304|251|137|253|253|259|276|262|322|258|117|258|210|286|304|528|4563
LR3MS4JI48584F|30-34|CHN||297|300|249|152|268|290|262|226|274|312|267|145|268|240|286|294|476|4599
LR3MS4JI4853AD|40-44|CHN||321|292|272|135|275|282|276|239|280|308|282|125|277|193|297|277|500|4623
LR3MS4JI485C6C|35-39|CHN||294|301|265|160|268|275|277|251|279|322|273|113|281|217|300|260|513|4642
LR3MS4JI484958|40-44|PHI||313|305|265|176|268|259|274|252|285|322|285|123|277|218|298|265|468|4644
LR3MS4JI485A60|40-44|CHN||283|305|263|164|276|265|269|310|286|314|277|108|269|219|289|296|469|4655
LR3MS4JI485A6C|30-34|CHN||322|335|265|144|268|293|265|241|266|300|259|157|267|221|291|282|501|4670
LR3MS4JI4853FA|30-34|CHN||316|275|275|134|275|284|275|317|276|295|282|109|276|218|317|224|563|4701
LR3MS4JI4855BE|40-44|CHN||283|320|254|162|256|334|249|326|249|327|254|128|251|252|296|319|452|4705
LR3MS4JI485E69|30-34|CHN||304|302|268|132|284|283|277|258|304|312|299|125|302|239|298|272|516|4765
LR3MS4JI4853AB|35-39|CHN||298|296|265|149|276|233|274|300|287|295|288|122|292|300|322|305|477|4771
LR3MS4JI4851C8|25-29|CHN||331|318|277|164|285|283|284|221|288|324|279|119|280|276|307|237|527|4790
LR3MS4JI485826|30-34|CHN||284|306|255|201|268|282|272|187|272|319|269|116|278|247|344|337|585|4817
LR3MS4JI4855C5|35-39|CHN||284|319|254|130|263|280|264|289|281|330|275|135|275|271|306|425|471|4844
LR3MS4JI4855C8|25-29|CHN||293|301|260|168|274|289|265|290|275|326|273|144|276|236|318|344|529|4853
LR3MS4JI485A69|25-29|CHN||299|317|280|162|312|258|303|279|309|295|303|133|292|200|329|226|594|4883
LR3MS4JI4855C2|40-44|CHN||299|302|263|165|259|250|261|353|278|313|268|139|274|272|301|342|554|4884
LR3MS4JI484983|30-34|SIN||279|298|247|168|260|404|254|299|261|322|259|133|264|318|283|366|496|4905
LR3MS4JI485C9A|40-44|CHN||312|312|273|149|298|275|287|299|295|334|287|119|295|254|333|292|501|4907
LR3MS4JI485C63|35-39|CHN||284|341|274|155|282|254|286|304|294|310|280|138|263|252|326|315|556|4907
LR3MS4JI485C72|45-49|CHN||304|308|259|146|274|299|271|265|284|317|439|118|276|244|312|272|527|4907
LR3MS4JI485C69|55-59|CHN||333|306|271|144|288|301|301|232|301|317|300|105|310|265|341|278|534|4917
LR3MS4JI4860B9|30-34|CHN||282|308|255|124|275|282|273|309|271|324|266|118|278|245|301|479|540|4922
LR3MS4JI48491E|25-29|GBR||294|299|253|135|264|325|269|343|279|305|278|130|278|294|298|374|525|4936
LR3MS4JI4851BC|16-24|CHN||291|299|248|191|266|319|271|291|284|310|280|160|269|262|304|403|499|4938
LR3MS4JI485C84|25-29|CHN||293|285|290|150|294|271|305|235|327|310|304|123|296|236|339|271|625|4944
LR3MS4JI485600|40-44|CHN||312|293|281|174|290|290|284|337|288|301|278|135|283|244|310|321|542|4953
LR3MS4JI4855F6|30-34|CHN||274|299|255|159|281|298|284|314|295|334|302|136|306|277|331|306|526|4971
LR3MS4JI4855EC|25-29|CHN||299|318|268|169|272|283|266|321|278|327|263|126|273|303|322|411|493|4984
LR3MS4JI485E96|45-49|CHN||330|302|283|170|303|305|281|289|310|315|281|120|301|218|318|345|538|4998
LR3MS4JI48584A|35-39|CHN||294|336|255|139|264|359|261|313|265|337|274|142|295|246|310|348|569|5000
LR3MS4JI48606F|35-39|CHN||327|314|278|208|279|281|277|236|286|319|284|161|291|314|320|317|519|5003
LR3MS4JI485A76|35-39|CHN||286|302|255|153|272|321|270|314|277|308|271|136|269|238|329|354|657|5004
LR3MS4JI4851D3|25-29|CHN||312|314|266|160|276|281|284|341|290|318|291|156|300|249|336|325|513|5004
LR3MS4JI485C51|30-34|CHN||323|293|289|134|308|264|318|242|317|297|323|145|326|286|333|261|586|5036
LR3MS4JI4853B6|35-39|CHN||289|354|258|160|286|334|268|315|280|357|272|233|264|230|317|340|497|5046
LR3MS4JI48609E|30-34|CHN||338|309|295|155|297|294|306|229|307|310|305|136|305|263|333|347|528|5049
LR3MS4JI485810|25-29|KAZ||368|288|286|148|312|254|301|288|313|304|309|158|308|254|315|298|602|5099
LR3MS4JI4851A0|40-44|CHN||315|322|269|178|271|366|271|321|284|309|277|143|270|344|303|397|491|5123
LR3MS4JI4855C0|25-29|CHN||298|307|282|170|313|317|295|276|307|341|306|141|310|270|343|294|570|5131
LR3MS4JI485A44|25-29|CHN||318|314|284|161|289|291|304|296|305|312|312|125|318|264|328|271|652|5136
LR3MS4JI48580A|25-29|CHN||299|305|264|182|280|274|282|321|280|314|284|131|296|316|352|462|513|5148
LR3MS4JI485EA6|35-39|CHN||321|325|292|191|264|353|282|290|278|328|295|132|281|272|313|397|544|5151
LR3MS4JI4855CA|25-29|CHN||285|333|260|185|276|366|276|374|287|354|268|152|281|291|321|398|482|5179
LR3MS4JI485C5A|35-39|CHN||354|299|305|135|297|262|312|372|330|318|324|123|309|276|341|258|580|5189
LR3MS4JI485A66|35-39|CHN||302|298|287|149|308|279|308|338|317|323|312|117|317|273|365|354|565|5205
LR3MS4JI48580F|25-29|CHN||304|320|300|166|293|316|295|335|312|315|295|155|298|300|342|305|565|5207
LR3MS4JI48580D|40-44|CHN||296|336|286|164|317|295|305|257|320|333|309|149|317|250|367|327|604|5222
LR3MS4JI485E6C|30-34|CHN||316|303|275|169|287|290|288|312|322|307|327|183|326|313|341|330|546|5227
LR3MS4JI485C6F|30-34|CHN||297|324|262|173|289|354|286|381|294|328|287|119|308|255|324|381|578|5232
LR3MS4JI4849F8|35-39|CHN||311|311|282|145|292|270|288|365|319|318|296|149|301|257|350|413|584|5243
LR3MS4JI485820|25-29|CHN||480|309|282|166|295|313|278|303|302|307|286|126|287|258|322|412|538|5257
LR3MS4JI486083|35-39|CHN||308|324|270|146|271|389|265|425|279|326|272|141|272|282|297|435|565|5260
LR3MS4JI485EAD|40-44|CHN||318|306|284|171|285|255|285|261|304|329|295|146|294|282|325|599|533|5266
LR3MS4JI4853B1|30-34|CHN||355|313|298|175|313|291|315|330|329|317|322|119|328|234|358|310|570|5268
LR3MS4JI4851C3|35-39|CHN||277|350|276|165|269|332|257|318|276|350|256|141|270|360|303|540|535|5268
LR3MS4JI48519D|35-39|CHN||338|319|305|164|328|252|322|331|332|317|324|162|326|272|351|291|552|5276
LR3MS4JI485C89|40-44|CHN||336|353|274|169|277|354|280|327|291|334|280|151|290|383|311|314|563|5278
LR3MS4JI4849C7|35-39|RUS||328|294|297|127|297|291|308|318|326|326|304|244|297|294|352|330|558|5282
LR3MS4JI485C79|50-54|CHN||305|349|270|167|301|352|299|340|297|366|299|128|296|260|298|449|520|5288
LR3MS4JI485EB3|35-39|CHN||355|306|301|153|305|242|305|262|311|338|315|146|316|212|381|395|665|5302
LR3MS4JI485816|40-44|CHN||290|318|276|146|295|391|299|309|308|342|310|134|309|262|337|392|595|5304
LR3MS4JI4860B3|40-44|CHN||343|297|312|177|327|258|324|331|327|314|321|117|316|306|350|298|601|5311
LR3MS4JI485A38|35-39|CHN||337|323|284|157|305|331|305|285|320|330|311|134|319|201|383|420|572|5312
LR3MS4JI4855E9|30-34|CHN||324|322|300|179|304|332|306|315|327|318|313|153|309|268|355|337|570|5324
LR3MS4JI4849F2|35-39|MGL||293|336|277|149|291|339|297|383|308|319|305|184|314|263|339|388|546|5324
LR3MS4JI485A56|40-44|CHN||297|320|263|182|279|322|282|379|315|329|292|126|301|274|334|463|579|5328
LR3MS4JI485A59|25-29|CHN||307|308|299|160|303|359|304|328|315|345|309|115|309|335|330|370|540|5328
LR3MS4JI4853DB|30-34|USA||335|321|296|161|304|281|294|375|301|328|294|147|293|322|315|420|562|5342
LR3MS4JI4860A8|25-29|CHN||333|319|295|175|303|298|315|258|331|338|331|157|333|332|376|300|575|5360
LR3MS4JI4855D3|25-29|CHN||312|325|290|154|295|324|297|375|306|344|295|113|307|301|351|400|579|5361
LR3MS4JI48519F|25-29|CHN||333|341|288|186|300|279|297|289|319|346|314|150|317|257|351|377|636|5370
LR3MS4JI4860AD|30-34|CHN||286|353|266|171|266|347|260|349|280|353|281|156|263|317|306|574|556|5375
LR3MS4JI48583E|35-39|CHN||319|333|294|124|303|303|311|283|326|352|374|133|349|263|374|308|633|5375
LR3MS4JI4851BD|30-34|CHN||340|335|293|147|301|406|306|335|312|315|306|145|307|249|348|413|542|5392
LR3MS4JI4855CB|35-39|CHN||314|327|282|141|292|340|294|318|302|348|384|128|303|298|341|293|695|5393
LR3MS4JI4860B1|45-49|CHN||322|337|275|160|321|343|276|371|288|338|289|132|277|265|369|492|549|5396
LR3MS4JI4855FC|25-29|CHN||312|316|311|243|307|343|307|267|311|323|325|137|318|290|360|307|629|5399
LR3MS4JI4855C4|25-29|CHN||295|319|292|175|313|366|307|313|300|323|309|145|313|280|349|346|672|5408
LR3MS4JI4853C3|25-29|CHN||337|307|300|169|311|374|321|273|321|342|322|149|324|265|356|345|601|5408
LR3MS4JI4851AC|30-34|NZL||331|306|285|158|289|310|293|413|322|318|321|157|318|286|386|378|548|5411
LR3MS4JI485C76|25-29|CHN||345|358|310|178|322|337|326|325|359|307|348|104|341|268|380|286|527|5413
LR3MS4JI485843|16-24|CHN||304|314|296|192|304|370|299|413|467|328|277|158|280|254|305|381|487|5422
LR3MS4JI485C85|30-34|CHN||288|314|291|161|313|279|323|305|353|349|333|130|322|243|349|406|676|5428
LR3MS4JI485EAA|30-34|CHN||321|359|287|158|302|342|292|322|303|360|296|115|286|272|315|469|649|5439
LR3MS4JI485C61|40-44|CHN||287|349|263|173|276|401|281|317|296|352|291|135|296|260|370|454|646|5440
LR3MS4JI4851BA|35-39|CHN||297|354|279|165|296|400|296|362|302|349|290|161|288|285|326|454|551|5447
LR3MS4JI485E74|30-34|CHN||314|341|287|151|306|314|318|333|322|344|320|126|315|296|363|345|664|5453
LR3MS4JI485C8C|35-39|CHN||322|328|291|214|292|345|287|360|290|339|302|146|305|281|312|355|700|5459
LR3MS4JI486080|35-39|CHN||325|292|295|138|317|284|328|290|343|316|336|129|339|266|408|398|668|5463
LR3MS4JI485A4B|35-39|CHN||291|352|267|168|293|387|289|355|471|348|294|132|294|274|332|370|561|5469
LR3MS4JI4853A8|30-34|CHN||289|336|285|212|287|357|296|418|301|334|296|162|291|293|322|433|574|5479
LR3MS4JI485C98|16-24|CHN||327|317|279|152|296|365|293|317|299|318|325|120|278|355|339|462|652|5486
LR3MS4JI485841|25-29|CHN||366|341|312|152|325|355|332|361|349|316|342|116|340|235|394|293|572|5492
LR3MS4JI485E9B|35-39|CHN||311|321|274|153|281|400|295|312|302|331|291|157|302|252|373|461|689|5497
LR3MS4JI485A73|50-54|CHN||307|327|275|157|285|347|288|403|306|339|304|148|309|315|349|546|504|5501
LR3MS4JI48607E|40-44|CHN||315|330|279|140|282|330|287|373|300|313|293|120|298|349|334|581|591|5507
LR3MS4JI4860B7|35-39|CUB||355|322|202|168|324|323|321|373|325|352|325|135|320|277|350|329|721|5513
LR3MS4JI485A3A|30-34|CHN||328|348|285|143|303|368|304|397|309|347|305|152|303|364|326|421|527|5521
LR3MS4JI485C9F|45-49|CHN||299|335|275|176|306|401|309|364|308|381|298|124|288|280|339|445|609|5530
LR3MS4JI485E9A|40-44|CHN||345|319|303|168|317|375|321|332|336|332|330|137|344|223|355|385|642|5557
LR3MS4JI4853D8|30-34|CHN||353|351|302|175|312|337|314|308|310|336|331|146|330|304|373|438|549|5561
LR3MS4JI485C59|45-49|CHN||337|327|303|179|317|312|319|300|336|322|339|98|325|278|404|395|700|5583
LR3MS4JI485E98|25-29|CHN||311|353|265|174|288|330|288|370|314|344|310|178|315|295|381|530|547|5585
LR3MS4JI4851D2|25-29|CHN||345|313|312|164|324|288|326|334|361|319|331|162|359|251|404|343|666|5595
LR3MS4JI48584D|40-44|CHN||294|342|274|235|271|432|277|299|279|348|272|187|277|337|321|573|599|5609
LR3MS4JI4855C9|45-49|CHN||317|321|310|169|332|353|324|330|327|324|353|118|366|255|356|308|764|5617
LR3MS4JI4855CE|25-29|CHN||352|349|292|197|305|359|307|428|316|316|313|150|308|303|355|401|581|5623
LR3MS4JI486096|35-39|CHN||338|315|302|143|320|344|323|415|329|335|322|162|325|293|374|380|618|5630
LR3MS4JI4860A3|35-39|CHN||334|328|301|142|339|307|318|372|339|337|317|140|320|318|370|483|578|5634
LR3MS4JI485C6A|35-39|CHN||323|337|304|167|319|303|323|392|343|320|322|129|331|298|388|383|669|5643
LR3MS4JI4853B4|45-49|CHN||286|323|532|173|442|301|281|278|296|353|323|117|288|269|333|519|540|5646
LR3MS4JI4853D3|35-39|CHN||352|299|294|165|298|285|303|419|399|337|379|121|306|345|365|327|662|5649
LR3MS4JI485853|25-29|CHN||341|330|308|170|329|325|310|293|333|318|338|136|338|258|372|400|764|5654
LR3MS4JI4855E0|16-24|CHN||319|327|313|129|313|251|315|382|331|325|322|129|309|325|413|349|834|5677
LR3MS4JI485E7F|35-39|CHN||322|327|312|216|337|504|332|375|329|328|308|155|317|230|353|337|605|5681
LR3MS4JI485C90|30-34|CHN||354|342|314|158|321|321|337|420|341|329|327|130|325|304|376|432|560|5683
LR3MS4JI485C5C|35-39|CHN||341|337|280|199|286|407|290|341|295|335|291|212|303|321|355|531|568|5683
LR3MS4JI485C66|35-39|CHN||340|331|319|158|341|338|340|378|350|324|340|140|337|342|381|343|596|5690
LR3MS4JI486082|30-34|CHN||288|332|288|157|291|321|306|418|314|339|420|135|323|292|348|463|676|5702
LR3MS4JI485E9F|30-34|CHN||329|306|289|161|295|352|305|498|312|317|323|140|323|310|372|473|625|5722
LR3MS4JI484A87|25-29|MGL||345|350|308|182|313|330|322|297|362|351|333|158|299|312|390|390|706|5741
LR3MS4JI485835|40-44|CHN||305|370|300|150|301|347|326|441|332|333|342|125|347|276|377|447|640|5751
LR3MS4JI485824|25-29|CHN||381|333|317|145|336|289|339|346|346|330|336|135|335|313|365|505|614|5756
LR3MS4JI4855F1|35-39|CHN||314|338|298|191|328|353|304|307|314|335|327|179|310|293|372|454|750|5758
LR3MS4JI485C60|16-24|CHN||298|390|268|160|279|561|279|314|306|343|292|219|284|275|347|572|597|5776
LR3MS4JI485A4A|35-39|CHN||300|346|281|224|293|391|296|383|327|377|298|177|323|303|367|536|569|5782
LR3MS4JI48581C|30-34|CHN||348|341|296|127|320|302|310|365|356|322|564|120|363|254|408|422|580|5790
LR3MS4JI485E6B|25-29|CHN||350|341|316|177|321|317|326|499|346|327|331|158|321|293|374|392|608|5790
LR3MS4JI485C53|30-34|CHN||561|327|291|204|329|386|318|319|305|344|305|141|290|295|317|341|729|5794
LR3MS4JI4851C0|30-34|CHN||546|311|299|166|323|290|309|387|319|326|316|190|312|320|359|401|631|5795
LR3MS4JI485A54|25-29|CHN||348|294|317|150|320|239|341|369|569|292|348|305|342|260|392|324|604|5807
LR3MS4JI485A68|30-34|CHN||313|328|280|192|278|463|284|457|288|316|287|146|276|286|346|683|592|5807
LR3MS4JI485813|30-34|CHN||351|320|332|166|339|302|340|409|346|327|338|148|351|355|432|376|601|5825
LR3MS4JI485A39|25-29|CHN||291|331|344|186|314|358|318|391|330|325|323|194|288|255|348|550|686|5825
LR3MS4JI485834|25-29|CHN||321|345|313|169|340|365|328|377|340|335|328|144|323|397|341|375|699|5832
LR3MS4JI486092|45-49|CHN||360|331|312|201|324|320|327|405|344|333|340|149|340|360|404|386|606|5833
LR3MS4JI485E90|30-34|CHN||359|340|330|224|307|447|304|327|340|333|313|159|307|318|358|424|651|5834
LR3MS4JI4855C1|30-34|CHN||361|333|292|168|298|318|292|487|309|343|308|166|292|326|363|438|748|5835
LR3MS4JI485A47|45-49|CHN||368|320|493|178|323|364|327|349|335|341|344|137|340|344|378|405|501|5840
LR3MS4JI4849BF|35-39|SIN||359|343|332|199|339|327|335|388|348|347|345|173|343|303|398|420|573|5865
LR3MS4JI4853ED|30-34|CHN||323|332|302|173|321|365|321|425|327|326|326|189|324|336|385|448|657|5872
LR3MS4JI4853A7|35-39|CHN||351|344|295|170|302|339|312|395|313|359|314|102|322|271|535|403|753|5873
LR3MS4JI485C7F|45-49|CHN||315|346|307|210|330|343|336|425|330|333|327|146|325|327|354|462|668|5876
LR3MS4JI485814|40-44|CHN||342|326|317|191|326|341|328|433|325|315|326|135|455|236|363|434|697|5881
LR3MS4JI4851C1|25-29|CHN||337|350|319|226|326|362|335|347|359|339|336|139|320|323|383|454|638|5887
LR3MS4JI484938|30-34|MGL||344|339|308|157|321|311|313|400|324|327|311|321|323|390|374|432||5888
LR3MS4JI4851A2|30-34|CHN||355|334|326|182|328|315|334|377|335|333|335|130|341|342|390|380|763|5891
LR3MS4JI4860A2|55-59|CHN||380|335|329|161|343|347|340|359|346|355|337|131|347|275|382|493|641|5893
LR3MS4JI485A5C|30-34|RSA||328|310|315|150|330|263|336|579|342|332|345|118|339|270|404|478|678|5910
LR3MS4JI485844|30-34|CHN||360|359|297|199|304|416|272|416|283|356|271|125|292|288|396|505|780|5911
LR3MS4JI485604|45-49|CHN||353|338|313|168|314|363|321|398|320|349|318|116|317|325|365|567|679|5913
LR3MS4JI4853B9|45-49|CHN||335|332|321|191|342|430|318|391|342|358|325|148|334|333|386|448|590|5915
LR3MS4JI485E8F|35-39|CHN||348|354|308|182|315|451|310|366|315|366|323|189|313|311|367|505|603|5917
LR3MS4JI485828|30-34|CHN||304|338|305|199|308|339|310|376|307|320|325|172|324|342|489|506|669|5924
LR3MS4JI4853D0|30-34|CHN||346|337|319|199|328|369|325|511|337|333|346|153|337|363|392|345|600|5932
LR3MS4JI485C5F|55-59|CHN||347|350|312|215|323|440|330|314|352|343|336|159|340|277|430|393|680|5934
LR3MS4JI48580C|45-49|CHN||332|323|288|177|302|422|308|456|309|342|296|174|396|372|342|474|650|5954
LR3MS4JI4851D0|25-29|CHN||345|353|307|200|324|353|312|452|326|336|313|132|340|299|378|386|811|5961
LR3MS4JI4855D5|40-44|CHN||369|338|324|201|323|367|318|402|379|330|323|121|314|319|389|528|640|5976
LR3MS4JI4853EC|25-29|CHN||329|352|290|182|296|348|296|520|317|350|310|132|307|318|367|671|600|5979
LR3MS4JI485A65|35-39|CHN||291|332|264|190|279|362|299|457|328|374|327|184|324|385|393|568|640|5990
LR3MS4JI4851A5|40-44|CHN||543|348|308|205|311|324|323|380|330|365|323|148|332|337|360|458|623|6009
LR3MS4JI4855F3|45-49|CHN||353|334|312|174|328|389|324|320|347|354|347|151|360|275|388|432|836|6014
LR3MS4JI4855CC|35-39|CHN||351|330|346|185|340|312|366|391|372|356|374|134|372|259|410|455|673|6018
LR3MS4JI486094|30-34|CHN||371|315|323|188|361|373|355|391|372|323|360|153|370|330|426|379|638|6019
LR3MS4JI485EA1|35-39|CHN||332|315|300|161|313|356|341|350|351|334|344|164|359|387|417|478|727|6020
LR3MS4JI4855E3|45-49|CHN||300|324|288|173|308|426|311|575|329|346|333|211|343|320|389|432|622|6022
LR3MS4JI485EAB|16-24|CHN||319|304|534|263|275|470|286|363|310|327|318|163|321|314|325|486||6022
LR3MS4JI48581F|25-29|CHN||351|353|300|201|323|432|334|418|347|347|340|161|335|378|393|382|640|6026
LR3MS4JI4851D9|25-29|CHN||334|343|301|210|315|430|297|451|324|333|318|165|344|314|391|472|694|6028
LR3MS4JI485E9C|30-34|CHN||315|353|308|207|326|443|327|387|352|354|333|157|346|317|435|374|710|6036
LR3MS4JI4853B8|40-44|CHN||364|315|330|190|353|359|357|420|362|326|348|134|353|366|387|454|626|6037
LR3MS4JI4853AF|35-39|CHN||326|319|325|180|342|391|324|334|341|346|313|170|312|444|401|474|702|6038
LR3MS4JI4851B2|30-34|CHN||328|355|298|169|316|321|315|490|317|344|315|157|312|421|396|488|706|6040
LR3MS4JI485EA8|40-44|UKR||344|306|324|174|362|329|378|416|402|322|394|131|390|257|463|309|749|6042
LR3MS4JI4851BE|30-34|CHN||328|330|348|204|319|302|320|342|334|322|334|139|335|329|419|423|923|6043
LR3MS4JI4853E4|35-39|CHN||305|330|307|204|318|376|336|426|344|350|383|176|319|354|351|480|698|6046
LR3MS4JI4855D4|25-29|CHN||336|333|323|158|380|486|348|292|364|349|361|137|356|270|409|443|712|6048
LR3MS4JI485A5D|35-39|CHN||326|335|311|159|384|333|352|322|451|374|402|152|357|323|442|347|696|6057
LR3MS4JI4851B6|35-39|CHN||312|345|279|137|294|334|312|488|322|331|310|134|316|354|372|743|684|6058
LR3MS4JI48609D|35-39|CHN||315|345|314|185|322|355|354|412|380|359|347|159|368|318|400|436|703|6064
LR3MS4JI485C54|35-39|CHN||345|309|317|187|342|326|341|540|365|314|362|140|349|370|390|463|611|6064
LR3MS4JI485842|40-44|CHN||394|314|319|151|329|388|336|331|540|315|527|110|331|324|422|366|584|6072
LR3MS4JI4853F5|25-29|CHN||377|373|341|169|338|449|337|338|348|357|329|194|328|251|393|407|754|6074
LR3MS4JI4855FD|30-34|CHN||338|324|328|239|332|358|337|397|338|361|332|135|345|313|370|548|689|6077
LR3MS4JI48582B|40-44|CHN||394|335|331|188|348|311|339|404|352|331|339|168|337|399|395|445|669|6077
LR3MS4JI485C91|35-39|CHN||345|374|310|158|318|372|331|399|364|357|342|132|358|289|423|460|753|6078
LR3MS4JI485C99|25-29|CHN||335|348|312|199|311|448|326|396|327|356|337|166|354|395|408|464|605|6079
LR3MS4JI486079|30-34|CHN||511|329|316|174|318|381|312|435|323|340|309|144|298|310|344|505|747|6086
LR3MS4JI486085|35-39|CHN||328|382|306|239|316|349|317|461|332|371|353|168|335|344|384|452|657|6087
LR3MS4JI485EA3|30-34|CHN||330|386|301|174|310|448|316|494|336|355|334|178|322|332|373|459|649|6089
LR3MS4JI4853F4|35-39|CHN||346|337|314|204|339|425|351|433|398|361|391|114|340|269|382|386|710|6090
LR3MS4JI485E80|40-44|CHN||365|346|302|163|554|355|319|380|328|338|125|119||309|381|582|1389|6104
LR3MS4JI4860B4|35-39|CHN||300|331|314|961|376|481|321|373|327|338|314|240|337|274|411|375||6109
LR3MS4JI485819|35-39|CHN||336|336|284|182|304|465|313|511|324|312|319|177|513|317|346|516|563|6111
LR3MS4JI4855DE|40-44|CHN||293|356|266|155|280|425|295|472|307|366|305|160|315|388|352|773|623|6123
LR3MS4JI4851D1|30-34|CHN||306|364|293|226|310|436|312|419|322|356|308|157|315|463|363|443|752|6138
LR3MS4JI484947|60-64|GBR||370|324|321|193|331|350|341|397|345|339|353|146|355|378|398|520|685|6140
LR3MS4JI48607F|35-39|CHN||298|353|260|154|286|350|308|365|315|339|300|154|364|379|537|767|621|6141
LR3MS4JI485A37|45-49|CHN||401|327|337|169|354|385|364|424|356|326|359|143|364|322|415|385|726|6149
LR3MS4JI4855F7|30-34|CHN||364|322|328|160|336|377|352|454|383|331|367|142|369|343|390|451|692|6151
LR3MS4JI4853DD|40-44|CHN||328|371|285|264|295|421|294|385|309|390|301|196|309|308|361|783|570|6163
LR3MS4JI485C8E|40-44|CHN||421|350|364|239|352|365|362|313|368|358|371|199|348|296|396|357|715|6164
LR3MS4JI48609B|40-44|CHN||367|344|317|162|328|435|332|316|358|367|335|147|419|341|383|588|650|6180
LR3MS4JI485C8D|30-34|CHN||330|332|354|151|345|283|353|367|405|316|377|156|372|349|456|347|903|6186
LR3MS4JI4853C8|35-39|CHN||294|366|275|186|298|372|296|441|323|340|321|147|293|365|395|638|844|6186
LR3MS4JI485C56|40-44|CHN||343|349|310|214|331|467|335|396|347|341|328|151|338|331|407|458|752|6192
LR3MS4JI4853C4|25-29|CHN||405|316|346|210|370|300|356|450|376|326|373|167|369|319|416|482|627|6202
LR3MS4JI4853BA|35-39|CHN||328|329|314|196|332|337|338|362|349|364|346|148|356|344|422|661|685|6203
LR3MS4JI485E95|35-39|CHN||407|340|351|141|371|305|366|324|364|309|370|138|374|314|425|346|970|6207
LR3MS4JI485825|30-34|CHN||356|347|311|238|338|470|332|459|338|377|339|167|342|297|371|515|626|6214
LR3MS4JI4851DA|40-44|CHN||320|329|299|192|311|353|317|515|343|355|320|212|327|409|377|589|662|6221
LR3MS4JI485E8E|35-39|CHN||316|368|285|180|301|428|305|292|306|362|313|149|286|295|329|1023|692|6223
LR3MS4JI4853A3|25-29|CHN||320|337|302|207|312|329|320|525|322|334|322|172|338|355|431|632|678|6228
LR3MS4JI4855C3|40-44|CHN||343|321|345|153|365|388|389|362|419|333|400|159|401|268|489|453|661|6243
LR3MS4JI485A4F|30-34|CHN||401|351|348|169|336|352|340|472|347|369|359|126|364|293|396|484|751|6250
LR3MS4JI4855F0|30-34|CHN||333|322|363|156|364|327|372|397|401|308|402|135|414|323|506|366|784|6264
LR3MS4JI4849EF|40-44|MGL||379|312|335|162|350|357|379|434|381|315|379|147|376|428|456|394|699|6276
LR3MS4JI4853B3|30-34|CHN||338|380|315|201|334|409|343|370|347|373|327|142|337|299|373|857|544|6278
LR3MS4JI485836|30-34|CHN||364|382|326|199|548|433|324|359|333|369|320|139|359|336|419|396|691|6288
LR3MS4JI484A0E|30-34|HKG||339|374|310|176|326|377|329|337|323|352|332|202|329|384|385|640|780|6288
LR3MS4JI485E72|25-29|CHN||383|321|346|167|353|375|375|429|396|328|394|185|374|292|413|430|742|6296
LR3MS4JI4851B5|50-54|CHN||359|354|312|230|326|441|335|432|358|345|346|188|347|316|397|541|677|6299
LR3MS4JI486070|30-34|CHN||331|357|303|205|320|450|332|483|330|347|385|122|335|348|395|591|675|6301
LR3MS4JI48490C|25-29|MEX||370|406|317|118|317|374|332|431|347|385|320|154|321|344|358|616|805|6308
LR3MS4JI485C73|35-39|CHN||334|328|351|154|410|453|360|318|394|326|397|156|387|325|450|351|836|6323
LR3MS4JI485601|30-34|CHN||356|354|311|166|329|354|337|432|358|364|363|174|329|407|398|558|745|6328
LR3MS4JI485C7B|50-54|CHN||336|351|309|210|341|431|331|378|345|407|338|179|325|398|433|597|642|6343
LR3MS4JI485C4F|30-34|CHN||381|338|327|176|337|454|308|463|374|348|343|143|339|327|393|517|783|6345
LR3MS4JI4855D2|35-39|CHN||333|316|317|178|320|319|338|504|360|324|356|170|399|441|481|615|617|6378
LR3MS4JI485EAE|30-34|CHN||348|335|326|199|350|398|353|355|364|347|376|169|374|453|444|465|733|6381
LR3MS4JI485C57|55-59|CHN||350|333|305|223|325|353|342|443|352|364|352|157|370|413|422|638|651|6386
LR3MS4JI486081|16-24|CHN||350|355|341|292|343|374|346|452|352|336|331|189|328|356|398|501|752|6389
LR3MS4JI48607C|40-44|CHN||392|354|343|203|346|436|390|370|359|353|350|166|363|321|390|451|818|6398
LR3MS4JI485C7C|35-39|CHN||356|366|493|200|341|167|354|569|370|358|369|141|368|307|432|543|671|6398
LR3MS4JI4851AD|40-44|CHN||382|340|339|203|380|391|372|425|385|326|367|215|364|334|392|563|643|6414
LR3MS4JI485855|35-39|CHN||306|377|303|182|317|455|333|451|395|361|331|136|342|388|426|646|673|6415
LR3MS4JI484A86|30-34|MGL||332|351|342|177|334|386|346|469|369|341|363|197|351|431|426|546|665|6419
LR3MS4JI485E87|35-39|CHN||361|404|308|246|315|529|334|311|340|357|358|192|337|316|380|746|597|6424
LR3MS4JI485833|45-49|CHN||347|341|485|186|336|354|335|506|364|370|369|222|359|386|396|470|616|6434
LR3MS4JI4855FF|35-39|CHN||331|387|315|175|333|474|344|469|333|373|325|135|327|319|326|840|643|6442
LR3MS4JI4851AF|30-34|CHN||329|332|342|280|355|378|315|443|349|391|323|219|325|328|403|568|787|6459
LR3MS4JI485A74|45-49|CHN||365|353|323|171|343|451|359|508|380|338|372|155|365|402|427|499|662|6466
LR3MS4JI485EA7|25-29|CHN||359|370|326|220|343|409|377|500|365|344|326|135|311|387|362|600|747|6475
LR3MS4JI485A77|16-24|CHN||377|328|361|231|372|349|377|341|385|338|389|190|440|340|438|410|817|6476
LR3MS4JI4860B0|16-24|CHN||372|338|376|148|543|329|347|367|392|337|370|141|347|294|435|387|971|6486
LR3MS4JI4855D0|35-39|CHN||342|342|314|199|330|402|343|491|364|366|346|173|361|332|535|465|792|6493
LR3MS4JI4853D1|45-49|CHN||349|375|305|210|315|453|327|436|334|382|335|122|356|399|421|772|625|6507
LR3MS4JI485850|35-39|CHN||376|341|355|159|383|304|370|450|372|343|386|156|414|415|466|378|852|6511
LR3MS4JI485A52|35-39|CAN||349|304|340|175|357|294|362|500|443|311|396|157|405|472|487|409|762|6516
LR3MS4JI485A7A|35-39|CHN||369|333|324|152|558|461|343|349|342|361|347|143|358|291|474|545|776|6518
LR3MS4JI485A46|40-44|CHN||360|347|316|163|332|425|329|648|348|350|337|144|338|382|391|590|736|6529
LR3MS4JI485A32|40-44|CHN||341|376|325|236|334|388|318|442|361|371|333|148|317|455|366|656|773|6531
LR3MS4JI485A4C|35-39|CHN||390|355|357|267|350|464|350|459|376|342|359|213|349|336|382|411|784|6535
LR3MS4JI4849B4|25-29|MGL||386|332|339|196|376|320|384|444|411|334|412|174|401|375|428|517|716|6537
LR3MS4JI48607B|30-34|CHN||343|363|321|200|359|514|341|466|364|362|353|255|368|309|435|526|670|6540
LR3MS4JI484A4A|35-39|TUR||434|332|660|175|454|340|376|465|385|344|390|125|384|395|415|362|549|6576
LR3MS4JI485C8A|35-39|CHN||378|456|317|223|328|471|318|389|337|384|362|237|350|375|382|634|652|6584
LR3MS4JI4853AC|25-29|CHN||367|340|569|168|565|394|349|379|379|332|396|163|395|307|391|445|664|6596
LR3MS4JI485C97|30-34|CHN||367|345|322|190|321|398|320|393|346|359|337|157|358|356|380|743|912|6597
LR3MS4JI485817|16-24|MAC||328|364|314|204|364|363|355|530|404|336|411|159|379|289|478|416|927|6614
LR3MS4JI485823|35-39|CHN||370|340|311|430|338|479|335|535|350|363|339|173|349|309|392|548|669|6624
LR3MS4JI4855E2|25-29|CHN||325|361|313|294|340|577|314|521|324|356|314|193|318|378|342|603|763|6629
LR3MS4JI485C82|45-49|GER||369|319|319|183|341|336|337|523|354|334|353|137|362|505|410|748|732|6654
LR3MS4JI48608A|35-39|CHN||377|349|343|158|364|495|362|566|355|386|345|154|339|341|427|488|822|6664
LR3MS4JI4853CF|25-29|CHN||332|342|308|168|313|581|316|503|335|354|331|139|325|371|407|770|784|6670
LR3MS4JI4855FE|40-44|CHN||292|345|271|168|282|449|315|635|326|364|316|174|332|467|402|942|605|6680
LR3MS4JI485801|25-29|CHN||374|363|352|253|353|465|354|402|352|369|345|158|352|322|391|657|826|6681
LR3MS4JI485806|25-29|CHN||337|336|340|224|363|446|369|421|388|371|428|166|383|355|469|449|860|6698
LR3MS4JI485807|40-44|CHN||366|359|309|213|346|442|351|541|391|391|336|156|350|355|428|633|743|6702
LR3MS4JI4853E7|35-39|KOR||540|370|313|244|337|476|324|352|340|349|344|211|337|419|394|559|819|6720
LR3MS4JI4853AA|30-34|CHN||356|342|348|218|365|385|373|389|385|364|393|142|385|370|405|700|822|6734
LR3MS4JI485E68|35-39|CHN||312|375|278|291|280|641|281|482|283|362|286|258|286|467|325|837|719|6755
LR3MS4JI4851B9|25-29|CHN||326|388|327|202|350|404|349|377|378|376|366|180|360|367|619|684|714|6759
LR3MS4JI4851C5|50-54|CHN||339|361|315|188|345|368|344|477|406|361|434|167|398|290|615|681|700|6783
LR3MS4JI48582C|25-29|CHN||346|370|348|251|382|580|368|337|393|377|374|194|380|338|458|563|735|6785
LR3MS4JI4851C4|16-24|CHN||542|388|314|300|314|504|317|350|327|351|329|224|338|413|383|714|693|6793
LR3MS4JI4853E5|30-34|CHN||352|348|354|171|378|392|481|399|420|355|393|151|331|333|473|511|962|6795
LR3MS4JI485C5E|25-29|CHN||331|356|319|169|361|380|338|433|403|367|393|210|423|587|447|509|791|6808
LR3MS4JI485E65|40-44|CHN||321|344|319|254|322|477|318|425|348|432|354|173|316|877|438|460|641|6815
LR3MS4JI485A6F|40-44|CHN||365|347|316|224|391|487|351|657|353|368|338|144|343|483|385|533|741|6819
LR3MS4JI485A79|30-34|CHN||303|363|309|218|254|552|269|482|275|390|279|155|276|437|340|1103|826|6822
LR3MS4JI485C95|35-39|CHN||420|352|353|213|356|591|361|380|370|359|377|162|376|453|410|565|734|6826
LR3MS4JI484934|35-39|CHN||362|402|328|242|326|476|342|400|490|545|319|164|322|315|413|381|1009|6827
LR3MS4JI485C9C|25-29|CHN||363|354|331|240|357|533|355|476|422|351|373|192|395|356|479|580|691|6843
LR3MS4JI485846|30-34|CHN||367|373|345|248|356|437|346|599|357|380|359|169|361|405|432|581|736|6844
LR3MS4JI485C8F|25-29|CHN||343|351|356|232|351|388|356|496|386|355|364|156|387|367|438|879|654|6849
LR3MS4JI485E82|35-39|CHN||371|360|340|191|359|518|371|511|368|372|400|161|407|337|481|412|902|6852
LR3MS4JI48608D|25-29|CHN||344|382|345|278|353|673|335|430|361|377|351|204|375|431|418|468|766|6882
LR3MS4JI4853F7|35-39|CHN||350|350|340|222|345|437|342|373|362|353|351|156|370|443|423|635|1054|6896
LR3MS4JI485C92|50-54|CHN||397|359|346|179|366|453|366|434|380|354|392|240|407|408|464|564|813|6913
LR3MS4JI485A45|35-39|CHN||349|357|326|190|328|369|338|637|414|334|406|191|406|377|446|701|758|6918
LR3MS4JI4855D7|25-29|JPN||519|352|742|200|338|393|342|403|347|347|339|206|346|313|410|741|601|6931
LR3MS4JI4855DB|35-39|CHN||383|384|329|187|344|511|359|655|383|414|366|146|356|458|418|566|680|6931
LR3MS4JI48609C|35-39|CHN||384|381|340|210|356|502|360|527|374|342|368|159|370|363|464|569|884|6946
LR3MS4JI485A50|30-34|CHN||378|365|343|188|364|466|361|462|378|373|357|170|356|553|447|632|770|6956
LR3MS4JI485804|30-34|CHN||369|386|338|204|315|426|362|427|355|356|355|150|342|439|385|836|933|6971
LR3MS4JI4849B7|50-54|CAN||415|364|347|243|344|365|361|512|369|351|384|177|677|376|463|475|770|6983
LR3MS4JI4853F8|30-34|CHN||334|361|330|195|364|487|340|608|414|356|344|184|375|339|442|479|1049|6993
LR3MS4JI485847|30-34|CHN||391|345|401|171|390|308|395|482|445|360|406|203|430|378|510|548|848|7003
LR3MS4JI4855FA|35-39|CHN||361|333|562|158|362|381|387|562|444|370|424|188|424|360|483|393|827|7010
LR3MS4JI4853D5|35-39|CHN||348|367|320|208|334|474|346|557|341|367|338|160|334|381|404|770|977|7018
LR3MS4JI485815|25-29|CHN||351|365|341|230|355|491|373|571|376|371|376|218|368|532|420|619|679|7029
LR3MS4JI485851|25-29|CHN||326|365|367|175|348|398|379|517|451|403|387|151|345|373|604|495|960|7037
LR3MS4JI4851E1|30-34|CHN||383|403|511|228|352|422|357|480|378|467|371|192|376|445|452|462|767|7039
LR3MS4JI4855E4|25-29|CHN||337|406|316|237|326|496|331|460|383|438|359|222|350|421|391|872|722|7059
LR3MS4JI485E88|25-29|CHN||380|352|325|277|334|515|333|518|369|391|343|193|350|330|430|552|1116|7099
LR3MS4JI486095|40-44|CHN||381|358|342|219|376|362|366|473|393|343|648|177|437|352|648|472|761|7101
LR3MS4JI4851C2|35-39|CHN||373|352|342|196|377|488|396|545|399|336|406|178|419|437|442|728|699|7105
LR3MS4JI48491A|25-29|CHN||297|374|278|245|273|411|274|401|276|342|271|232|276|339|853|1366|614|7112
LR3MS4JI486090|30-34|RSA||714|354|509|154|553|365|344|546|377|342|390|150|382|331|452|404|759|7115
LR3MS4JI4860A1|55-59|CHN||396|368|352|231|367|516|381|407|405|374|401|169|408|456|451|659|797|7129
LR3MS4JI485C75|25-29|CHN||337|364|324|197|333|427|353|478|607|350|559|157|362|382|437|572|933|7163
LR3MS4JI48580B|25-29|CHN||413|347|372|177|372|388|380|682|412|393|437|154|419|370|484|615|756|7164
LR3MS4JI485C74|45-49|CHN||388|348|351|193|371|468|394|527|415|355|403|166|403|387|601|552|889|7204
LR3MS4JI485C7A|30-34|CHN||423|351|396|215|409|331|411|574|435|327|446|140|443|439|542|501|848|7223
LR3MS4JI485A57|40-44|CHN||358|350|380|207|423|390|446|506|511|360|435|183|404|321|471|615|877|7229
LR3MS4JI485EA5|30-34|CHN||479|368|386|199|619|377|435|386|432|367|417|154|409|436|454|483|842|7234
LR3MS4JI4853F3|45-49|CHN||389|371|356|178|348|495|345|486|351|349|388|259|364|350|460|709|1081|7270
LR3MS4JI485E86|25-29|CHN||344|358|299|243|310|527|412|517|324|367|315|193|322|400|354|1166|833|7276
LR3MS4JI48581B|30-34|CHN||339|318|303|154|557|326|558|372|575|333|554|136|554|265|582|706|662|7285
LR3MS4JI485E7B|30-34|CHN||436|336|387|145|415|347|453|564|503|370|438|165|461|410|519|404|972|7317
LR3MS4JI48581E|30-34|CHN||330|382|342|231|360|474|374|748|382|354|372|135|384|517|484|715|756|7332
LR3MS4JI485C5D|35-39|CHN||379|363|345|213|573|408|374|381|399|362|373|229|385|439|533|682|909|7338
LR3MS4JI486072|35-39|CHN||378|379|650|218|554|516|425|407|342|360|368|219|350|386|461|695|655|7355
LR3MS4JI4855EE|30-34|CHN||423|367|354|228|365|429|408|476|498|398|359|200|373|434|479|660|916|7361
LR3MS4JI48582A|30-34|CHN||370|391|361|125|379|467|390|625|437|388|388|407|389|338|472|592|857|7365
LR3MS4JI485C7E|40-44|CHN||354|376|350|221|360|562|380|735|393|360|390|165|388|388|486|598|873|7368
LR3MS4JI485609|25-29|CHN||445|359|394|169|373|375|384|575|439|340|437|147|419|360|516|510|1144|7375
LR3MS4JI4860AB|60-64|CHN||516|338|307|194|305|455|497|385|566|508|412|200|415|358|711|442|783|7384
LR3MS4JI485837|30-34|CHN||387|387|359|267|382|582|365|491|399|395|384|253|367|475|431|568|933|7417
LR3MS4JI4851E3|30-34|CHN||391|424|320|219|333|585|341|671|351|389|354|168|351|469|470|794|810|7432
LR3MS4JI48497A|25-29|HKG||360|367|376|196|379|409|384|621|448|354|416|179|400|521|535|632|869|7438
LR3MS4JI48493E|35-39|SIN||321|370|320|313|325|594|334|526|354|399|363|232|361|403|441|979|816|7445
LR3MS4JI485E83|30-34|CHN||334|351|324|219|348|625|360|580|406|376|382|153|376|520|599|581|936|7464
LR3MS4JI484987|35-39|RSA||596|367|348|213|364|376|370|833|385|363|374|161|364|465|458|735|712|7478
LR3MS4JI4853C0|35-39|CHN||363|413|332|208|386|419|351|586|372|380|422|157|374|496|497|998|749|7493
LR3MS4JI485A64|30-34|CHN||360|451|356|271|588|467|367|530|364|397|365|217|372|427|410|830|736|7502
LR3MS4JI4860AF|30-34|CHN||400|388|380|201|399|427|418|470|438|393|410|164|440|440|520|621|1006|7508
LR3MS4JI485A6B|40-44|CHN||562|379|346|397|396|480|355|437|446|348|375|226|410|562|490|557|757|7517
LR3MS4JI485803|45-49|CHN||472|354|401|180|413|380|413|508|455|371|470|142|438|376|552|608|994|7520
LR3MS4JI486097|25-29|CHN||401|349|349|168|432|399|446|407|477|393|435|169|404|403|488|1099|730|7541
LR3MS4JI485EAC|35-39|HKG||313|338|313|184|315|405|322|383|333|353|332|139|328|538|433|1872|672|7566
LR3MS4JI485C8B|35-39|CHN||382|357|359|268|387|479|378|527|403|380|398|220|376|428|440|853|992|7620
LR3MS4JI485A51|25-29|CHN||385|407|343|178|394|465|406|593|415|355|389|186|423|403|531|837|931|7633
LR3MS4JI485E89|40-44|CHN||427|397|516|255|332|458|334|559|352|361|343|213|350|555|740|610|862|7657
LR3MS4JI485A62|30-34|CHN||598|375|347|193|394|534|384|620|412|408|386|136|375|350|411|915|831|7660
LR3MS4JI4851E2|50-54|CHN||424|347|409|178|440|466|454|511|458|400|461|175|468|493|557|529|934|7697
LR3MS4JI485C5B|40-44|CHN||348|367|348|293|367|514|371|604|407|393|415|240|461|391|533|797|860|7701
LR3MS4JI4855BD|25-29|CHN||399|389|405|194|418|449|447|582|429|359|443|161|431|349|593|649|1012|7702
LR3MS4JI4853F2|55-59|CHN||393|361|345|180|350|437|344|368|350|334|785|181|605|365|1072|436|823|7721
LR3MS4JI4860A4|45-49|CHN||381|392|361|95|404|393|401|760|466|384|453|179|415|483|531|859|806|7754
LR3MS4JI485809|40-44|CHN||395|357|351|194|342|514|365|742|389|449|378|182|419|347|444|1039|862|7760
LR3MS4JI4855E5|30-34|CHN||433|366|577|179|584|447|592|502|422|376|413|211|401|287|446|658|900|7788
LR3MS4JI485829|40-44|CHN||374|357|387|227|432|487|428|533|509|350|489|234|466|434|747|563|833|7841
LR3MS4JI4853CE|30-34|CHN||404|363|367|206|381|581|371|731|416|337|411|252|448|509|609|486|996|7858
LR3MS4JI4855E6|16-24|CHN||353|360|360|258|398|384|396|556|495|329|473|163|417|537|556|687|1148|7862
LR3MS4JI4853CC|30-34|CHN||367|352|557|159|575|352|585|463|592|350|585|151|590|343|644|474|735|7867
LR3MS4JI485C87|40-44|CHN||344|359|340|208|363|534|372|543|440|336|426|270|468|573|568|888|851|7875
LR3MS4JI485854|25-29|CHN||505|377|322|215|341|538|343|411|393|387|348|182|344|491|398|1611|726|7926
LR3MS4JI4853A9|30-34|CHN||422|377|422|221|489|572|415|494|433|347|457|234|426|388|585|613|1045|7931
LR3MS4JI485A3B|30-34|CHN||377|364|362|231|381|570|385|566|427|363|424|244|430|647|499|849|841|7952
LR3MS4JI4855E8|35-39|CHN||354|415|320|286|331|515|331|581|358|443|357|357|355|502|411|1249|808|7965
LR3MS4JI4855E1|40-44|CHN||361|353|354|233|385|420|410|573|461|389|486|163|549|566|821|553|966|8037
LR3MS4JI485A4D|35-39|CHN||358|369|340|247|367|418|386|522|817|375|691|186|639|324|822|421|798|8073
LR3MS4JI4853D4|45-49|CHN||365|419|328|237|342|511|390|681|423|429|440|198|383|399|485|1283|797|8101
LR3MS4JI486084|35-39|CHN||374|401|367|287|377|538|372|653|386|452|375|164|395|631|470|936|948|8117
LR3MS4JI486093|35-39|CHN||372|444|360|279|372|559|367|655|413|398|389|186|384|572|526|1129|735|8133
LR3MS4JI4851E0|45-49|CHN||360|363|307|198|321|654|338|892|426|395|335|199|360|518|462|1267|755|8140
LR3MS4JI4855C7|35-39|CHN||416|373|365|182|382|418|389|420|382|392|414|159|405|326|481|488|2246|8228
LR3MS4JI4853B7|45-49|CHN||372|445|391|191|471|495|587|428|467|451|518|163|488|387|680|568|1157|8254
LR3MS4JI485A5B|30-34|CHN||408|354|392|213|427|337|442|403|443|349|491|138|511|518|1087|703|1061|8270
LR3MS4JI485E6E|16-24|CHN||409|399|356|316|376|469|369|449|577|415|478|247|332|534|508|967|1078|8271
LR3MS4JI485E8C|30-34|CHN||416|359|501|244|458|477|484|547|538|395|501|196|515|347|616|727|998|8309
LR3MS4JI486073|25-29|CHN||483|395|462|196|483|398|472|713|479|348|503|167|500|523|545|676|1018|8351
LR3MS4JI4851CF|25-29|CHN||378|397|348|215|378|553|401|460|422|362|420|280|453|427|505|1624|758|8374
LR3MS4JI4853BF|16-24|CHN||588|355|353|143|444|468|393|665|416|342|594|167|345|416|1334|402|963|8381
LR3MS4JI4860A0|35-39|CHN||374|373|370|276|367|507|425|658|511|367|605|165|812|353|641|618|990|8406
LR3MS4JI48583A|25-29|AUS||441|383|404|236|438|457|429|629|454|385|448|214|502|504|636|855|1025|8433
LR3MS4JI4853C2|25-29|CHN||361|344|339|272|374|679|494|631|487|365|477|137|463|609|525|916|994|8458
LR3MS4JI4855F9|25-29|CHN||458|448|430|245|469|419|475|503|489|461|456|141|474|498|554|1080|882|8474
LR3MS4JI485E97|45-49|CHN||389|390|352|295|577|685|384|588|436|390|429|197|453|572|564|968|865|8525
LR3MS4JI4860B6|35-39|CHN||525|428|405|137|402|360|426|715|458|374|452|253|434|576|570|862|1415|8787
LR3MS4JI485EAF|25-29|CHN||599|374|583|250|589|439|584|444|614|364|608|268|583|354|664|667|948|8924
LR3MS4JI484A56|25-29|KAZ||398|341|421|189|451|436|463|872|566|348|486|339|508|609|777|906|842|8947
LR3MS4JI4853DF|45-49|CHN||474|410|408|220|409|606|446|726|472|377|476|258|482|543|546|1108|1013|8965
LR3MS4JI4853CB|40-44|CHN||434|385|380|196|417|466|462|720|470|352|469|160|511|397|655|1453|1079|8999
LR3MS4JI4853EF|25-29|CHN||623|367|403|179|505|397|520|525|527|361|922|170|572|427|707|934|999|9129
LR3MS4JI485CA1|35-39|CHN||391|396|334|256|338|639|365|688|369|434|368|211|365|676|801|1687|820|9130
LR3MS4JI4853BB|16-24|CHN||403|453|410|445|466|698|468|709|466|369|453|248|495|435|665|1058|1208|9440
LR3MS4JI485818|30-34|CHN||539|426|479|209|487|669|527|854|493|406|486|213|498|662|584|1093|863|9480
LR3MS4JI485A33|30-34|CHN||354|420|366|303|378|741|403|1017|420|406|450|231|446|485|685|1268|1364|9729
LR3MS4JI485C58|35-39|CHN||538|389|479|312|498|500|494|856|518|374|495|287|506|821|875|902|994|9831
LR3MS4JI48583D|55-59|CHN||489|421|682|253|669|472|568|933|616|393|581|276|554|399|644|1090|1065|10095
LR3MS4JI485603|40-44|CHN||365|458|351|309|395|633|391|1189|429|443|404|148|426|1080|1044|1264|1110|10432
LR3MS4JI485856|40-44|CHN||414|404|401|283|427|611|441|991|471|423|494|305|485|686|677|2049|1041|10595
LR3MS4JI4853F1|30-34|CHN||542|479|564|407||808||530||644||216||622||1385||10632
LR3MS4JI4851CB|40-44|CHN||429|462|475|397|525|674|458|895|521|413|564|382|597|676|773|1162|1318|10713
LR3MS4JI48560A|25-29|CHN||352|398|559|231|588|586|600|493|613|410|623|189|596|491|754|2735|1001|11212
LR3MS4JI485A4E|55-59|CHN||502|383|471|242|492|674|488|1076|616|407|604|336|667|597|657|1671|1690|11565
LR3MS4JI4851DF|35-39|CHN||499|461|514|266|621|731|745|1151|693|530|604|277|711|719|992|868|1289|11663
LR3MS4JI4853B2|35-39|CHN||584|538|635|583|784|1049|572|722|583|542|699|390|575|953|918|1658|1245|13024